0 0.745775390625 0.48327734375 0.748826171875 0.5525546875 0.781892578125 0.481287109375
0 0.83937890625 0.483787109375 0.80275 0.5489921875 0.83530859375 0.548482421875 0.8734609375 0.485359375
0 0.93196484375 0.481244140625 0.8907578125 0.54746484375 0.929419921875 0.547974609375 0.9741875 0.4823046875
0 0.8688828125 0.60587890625 0.8205546875 0.6858515625 0.876513671875 0.6858515625 0.92128125 0.60847265625
0 0.998046875 0.60491015625 0.948751953125 0.6797421875 0.998046875 0.680251953125
3 0.96683984375 0.481279296875 0.92269921875 0.548900390625 0.995169921875 0.546923828125 0.998046875 0.533408203125 0.998046875 0.4806640625
4 0.86900390625 0.481279296875 0.82947265625 0.551203125 0.89502734375 0.548896484375 0.934556640625 0.481978515625
4 0.7787421875 0.481279296875 0.747119140625 0.55351171875 0.806744140625 0.551203125 0.841990234375 0.483626953125
4 0.9177578125 0.60549609375 0.8742734375 0.68428125 0.95267578125 0.681974609375 0.998046875 0.6045078125
6 0.800154296875 0.608763671875 0.752388671875 0.688896484375 0.82453125 0.6859296875 0.872296875 0.60681640625
0 0.74975390625 0.606787109375 0.7484375 0.689556640625 0.759306640625 0.687248046875 0.806744140625 0.608462890625
0 0.751109375 0.83754296875 0.751802734375 0.90801953125 0.8114765625 0.905935546875
0 0.75492578125 0.92180078125 0.754232421875 0.976064453125 0.7996796875 0.9750234375
5 0.7552734375 0.900033203125 0.754232421875 0.926072265625 0.79586328125 0.9767578125 0.864556640625 0.973634765625 0.8073125 0.901076171875
5 0.75145703125 0.8388828125 0.804189453125 0.90732421875 0.875658203125 0.905935546875 0.8201484375 0.838583984375