0 0.78566796875 0.615818359375 0.807009765625 0.69021875 0.848806640625 0.616802734375
5 0.844189453125 0.610205078125 0.804369140625 0.687244140625 0.872947265625 0.687244140625 0.917634765625 0.612861328125
0 0.753044921875 0.4185546875 0.75216015625 0.475796875 0.80215625 0.475796875
5 0.753486328125 0.421337890625 0.795076171875 0.47491015625 0.864099609375 0.473140625 0.80525390625 0.4000859375 0.753486328125 0.4000859375
0 0.7526015625 0.338029296875 0.751716796875 0.4067265625 0.8105625 0.406283203125
5 0.7490625 0.336328125 0.80392578125 0.406283203125 0.87516015625 0.404513671875 0.819853515625 0.33588671875
0 0.866310546875 0.1061875 0.82073828125 0.184619140625 0.881796875 0.183732421875 0.922943359375 0.106251953125
0 0.998046875 0.104859375 0.9468359375 0.182404296875 0.998046875 0.181962890625
0 0.749505859375 0.1097265625 0.74862109375 0.18948828125 0.76056640625 0.18948828125 0.80525390625 0.1093515625
0 0.774724609375 0.000443359375 0.749505859375 0.053162109375 0.747734375 0.00003125
0 0.828259765625 0 0.80215625 0.052275390625 0.837109375 0.050947265625 0.864984375 0.00003125
0 0.917634765625 0 0.888875 0.050947265625 0.930466796875 0.049177734375 0.960552734375 0
4 0.921173828125 0.103974609375 0.876044921875 0.184216796875 0.953916015625 0.1837734375 0.998046875 0.10540625
6 0.79905859375 0.10928515625 0.754814453125 0.1877578125 0.82693359375 0.185544921875 0.872505859375 0.106734375
4 0.76897265625 0.000884765625 0.747734375 0.04651953125 0.74862109375 0.054046875 0.809236328125 0.051833984375 0.83401171875 0.00003125
4 0.8601171875 0 0.829146484375 0.050505859375 0.895955078125 0.048291015625 0.922943359375 0.000474609375
3 0.954357421875 0 0.92205859375 0.049619140625 0.9950625 0.048291015625 0.998046875 0.036337890625 0.998046875 0