0 0.60022265625 0.2838359375 0.707962890625 0.241595703125 0.706986328125 0.205765625 0.616498046875 0.205439453125 0.600873046875 0.223681640625
5 0.59924609375 0.2779765625 0.597943359375 0.34320703125 0.7121953125 0.29271875 0.711869140625 0.23701953125
5 0.40296875 0.3225703125 0.3818125 0.377681640625 0.498015625 0.420677734375 0.50517578125 0.3587890625
5 0.278953125 0.27998046875 0.408828125 0.324603515625 0.387345703125 0.38062890625 0.28090625 0.343169921875
0 0.396458984375 0.322896484375 0.50810546875 0.36271484375 0.507455078125 0.2868203125 0.401341796875 0.283236328125
0 0.27667578125 0.283185546875 0.408177734375 0.330466796875 0.407201171875 0.284541015625 0.2760234375 0.27672265625
0 0.06728515625 0.333205078125 0.183884765625 0.283513671875 0.066826171875 0.289048828125
0 0.07373828125 0.329517578125 0 0.366525390625 0 0.296888671875 0.07466015625 0.292275390625
5 0.064521484375 0.330439453125 0.087564453125 0.385435546875 0.1940234375 0.341623046875 0.185728515625 0.277517578125
5 0.07235546875 0.327673828125 0.091251953125 0.38312890625 0 0.422791015625 0.0013828125 0.35407421875
5 0.612853515625 0.964333984375 0.727037109375 0.918173828125 0.72587109375 0.976470703125 0.66916796875 0.998046875 0.611689453125 0.998046875
0 0.72587109375 0.970546875 0.7266484375 0.998046875 0.65790625 0.998046875