0 0.567099609375 0.64900390625 0.519302734375 0.720546875 0.623361328125 0.71930078125 0.621619140625 0.648302734375
0 0.616142578125 0.57908203125 0.564361328125 0.6530703125 0.6221171875 0.652322265625
5 0.55116796875 0.5825703125 0.50112890625 0.654564453125 0.570833984375 0.65381640625 0.616392578125 0.5843125
5 0.505859375 0.649251953125 0.457310546875 0.7208046875 0.525521484375 0.721302734375 0.572822265625 0.649556640625
0 0.502607421875 0.298341796875 0.556224609375 0.367525390625 0.6147734375 0.367853515625 0.613458984375 0.295767578125
0 0.551291015625 0.362482421875 0.60655078125 0.43434375 0.61576171875 0.43434375 0.615103515625 0.3645625
5 0.439783203125 0.300044921875 0.4933984375 0.369826171875 0.560830078125 0.3681796875 0.506884765625 0.29708203125
5 0.489779296875 0.365443359375 0.542408203125 0.436294921875 0.61247265625 0.43596484375 0.557869140625 0.363220703125
0 0.55589453125 0.080587890625 0.5062265625 0.155359375 0.6081953125 0.15404296875 0.607537109375 0.080310546875
0 0.59405078125 0.012828125 0.550302734375 0.085578125 0.6081953125 0.08458984375 0.60490625 0.0138203125
5 0.54306640625 0.013814453125 0.491095703125 0.08722265625 0.5572109375 0.085578125 0.601287109375 0.012833984375
5 0.492740234375 0.08157421875 0.44603125 0.155029296875 0.515765625 0.153712890625 0.561158203125 0.080310546875