0 0.0340390625 0.836517578125 0.00979296875 0.93925390625 0.04056640625 0.916857421875 0.113306640625 0.912658203125
5 0.032640625 0.836984375 0.109111328125 0.912658203125 0.186048828125 0.910791015625 0.10584765625 0.835201171875
0 0.020515625 0.485404296875 0.02005078125 0.561984375 0.08952734375 0.486861328125
5 0.085796875 0.486802734375 0.016787109375 0.563384765625 0.09372265625 0.55965234375 0.152474609375 0.49152734375
0 0.584705078125 0.54874609375 0.518205078125 0.623251953125 0.587662109375 0.623744140625
0 0.583720703125 0.475349609375 0.50884765625 0.553255859375 0.58618359375 0.55177734375
5 0.511310546875 0.549732421875 0.446779296875 0.6173359375 0.524609375 0.620294921875 0.588646484375 0.5498046875
5 0.432330078125 0.553849609375 0.515291015625 0.553970703125 0.587345703125 0.477189453125 0.50399609375 0.479138671875
0 0.755083984375 0.53908984375 0.757771484375 0.60778515625 0.802583984375 0.537830078125
5 0.798103515625 0.53908984375 0.75598046875 0.609130859375 0.81961328125 0.609130859375 0.859943359375 0.538279296875
0 0.756427734375 0.603619140625 0.75866796875 0.678189453125 0.818716796875 0.6059921875
5 0.811546875 0.601955078125 0.766287109375 0.677740234375 0.833056640625 0.67684375 0.88324609375 0.60375
0 0.85711328125 0.959775390625 0.933453125 0.95941796875 0.879224609375 0.88934765625 0.853427734375 0.8888203125
5 0.876591796875 0.888701171875 0.9281875 0.962052734375 0.99768359375 0.95941796875 0.941875 0.886712890625