0 0.2284453125 0.5150703125 0.348005859375 0.560076171875 0.349607421875 0.606544921875 0.230046875 0.603875
5 0.226310546875 0.45902734375 0.34266796875 0.503994140625 0.34907421875 0.56701953125 0.2284453125 0.5226875
0 0.241255859375 0.694412109375 0.36241796875 0.738328125 0.357080078125 0.6598125 0.239654296875 0.6598125
5 0.24232421875 0.689607421875 0.36241796875 0.732966796875 0.367755859375 0.779435546875 0.24072265625 0.735638671875
0 0.575384765625 0.830517578125 0.565244140625 0.7905703125 0.4648984375 0.7932421875 0.4648984375 0.873359375
5 0.465431640625 0.867880859375 0.5748515625 0.82475390625 0.592998046875 0.88297265625 0.4665 0.931578125
5 0.563642578125 0.82731640625 0.58766015625 0.884041015625 0.6949453125 0.840244140625 0.679466796875 0.779353515625
0 0.570046875 0.829984375 0.682134765625 0.786298828125 0.681068359375 0.741966796875 0.56684375 0.74463671875
0 0.898837890625 0.824646484375 0.998046875 0.857328125 0.998046875 0.781482421875 0.8983046875 0.7788125
0 0.7782109375 0.781412109375 0.905244140625 0.827951171875 0.91271484375 0.78255078125
5 0.777142578125 0.779345703125 0.907912109375 0.826349609375 0.8849609375 0.880830078125 0.7798125 0.84344140625
5 0.903642578125 0.821978515625 0.88069140625 0.878693359375 0.998046875 0.918751953125 0.998046875 0.851986328125
0 0.883556640625 0.444060546875 0.86873046875 0.4900625 0.998046875 0.484359375
5 0.89534375 0.38703125 0.879375 0.44862109375 0.998046875 0.484359375 0.998046875 0.422388671875
0 0.569521484375 0.491203125 0.671412109375 0.45090234375 0.67103125 0.494625
5 0.565720703125 0.441779296875 0.585869140625 0.489302734375 0.67179296875 0.454705078125 0.670271484375 0.3984375