0 0.467216796875 0.177185546875 0.468701171875 0.24955078125 0.520173828125 0.18070703125
0 0.46969140625 0.25340625 0.47117578125 0.335232421875 0.532052734375 0.25153125
5 0.515224609375 0.17817578125 0.46820703125 0.24311328125 0.468701171875 0.25698046875 0.530072265625 0.256484375 0.57956640625 0.179716796875
5 0.52462890625 0.250931640625 0.470185546875 0.33226171875 0.5424453125 0.32483203125 0.59243359375 0.251037109375
0 0.475447265625 0.4785625 0.473716796875 0.553734375 0.541193359375 0.55234765625
0 0.474755859375 0.559533203125 0.475447265625 0.627142578125 0.5308125 0.626796875
5 0.47441015625 0.54915234375 0.47337109375 0.562390625 0.524583984375 0.6278359375 0.59240625 0.625064453125 0.536349609375 0.547154296875
6 0.474755859375 0.4775234375 0.53600390625 0.5526953125 0.598634765625 0.552001953125 0.540501953125 0.473744140625
0 0.593791015625 0.55165625 0.6574609375 0.55165625 0.6007109375 0.474783203125 0.535658203125 0.475822265625
3 0.59759765625 0.474091796875 0.651232421875 0.5506171875 0.732548828125 0.549578125 0.66887890625 0.47166796875
3 0.666802734375 0.47198828125 0.7263203125 0.54819140625 0.7924140625 0.548537109375 0.73047265625 0.469587890625
0 0.72978125 0.471294921875 0.7879140625 0.5488828125 0.855390625 0.547498046875 0.79621875 0.470279296875
3 0.791375 0.469912109375 0.849162109375 0.547498046875 0.916638671875 0.5468046875 0.859197265625 0.4695859375