0 0.70914453125 0.7409765625 0.599548828125 0.783380859375 0.598744140625 0.7055625 0.70914453125 0.704755859375
5 0.598341796875 0.7768359375 0.5951171875 0.852328125 0.71478515625 0.801525390625 0.713173828125 0.735802734375
0 0.39889453125 0.824783203125 0.505265625 0.863193359375 0.506072265625 0.782955078125 0.400908203125 0.780537109375
5 0.402923828125 0.82202734375 0.38277734375 0.878072265625 0.497609375 0.91919921875 0.50204296875 0.85912109375
5 0.27680859375 0.77965625 0.4097734375 0.823263671875 0.386404296875 0.881728515625 0.28003125 0.84423046875
0 0.276001953125 0.781671875 0.402923828125 0.827302734375 0.4049375 0.783353515625
0 0.06721875 0.83187109375 0.183392578125 0.783376953125 0.06333203125 0.788431640625
5 0.0656640625 0.82759765625 0.087033203125 0.883689453125 0.186888671875 0.83975390625 0.18144921875 0.780654296875
5 0.070326171875 0.824978515625 0.092083984375 0.881357421875 0 0.919849609375 0 0.854140625
0 0.072658203125 0.82876171875 0 0.861916015625 0 0.800095703125 0.0699375 0.79620703125
0 0.378935546875 0.4418515625 0.363681640625 0.489041015625 0.50476953125 0.48475
5 0.3946640625 0.3889453125 0.37607421875 0.444236328125 0.50524609375 0.488087890625 0.49952734375 0.422787109375
0 0.077693359375 0.490947265625 0.17159375 0.450908203125 0.1711171875 0.493330078125
5 0.06101171875 0.443759765625 0.079599609375 0.494759765625 0.1773125 0.45615234375 0.168732421875 0.399908203125