0 0.0993671875 0.82344140625 0.045189453125 0.901640625 0.151048828125 0.899142578125 0.148802734375 0.82194140625
0 0.086884765625 0.746279296875 0.0299609375 0.8284765625 0.148302734375 0.8272265625 0.1468046875 0.746529296875
5 0.09137890625 0.746775390625 0.03769921875 0.82972265625 0 0.82947265625 0 0.783251953125 0.024216796875 0.746275390625
0 0.027126953125 0.52548828125 0.086259765625 0.60455859375 0.142955078125 0.603642578125 0.141431640625 0.524947265625
0 0.03048046875 0.45357421875 0.092662109375 0.531658203125 0.142041015625 0.531353515625 0.1386875 0.452048828125
5 0 0.52828515625 0.035662109375 0.527369140625 0.09113671875 0.604234375 0.014935546875 0.596 0 0.57159765625
5 0.02895703125 0.5321953125 0.100890625 0.5313515625 0.035966796875 0.45265625 0 0.45265625 0 0.490478515625
0 0.0807734375 0.22951953125 0.026822265625 0.310099609375 0.1365546875 0.30796484375 0.134724609375 0.227439453125
0 0.01127734375 0.234150390625 0.134115234375 0.234455078125 0.131373046875 0.155150390625 0.063095703125 0.1557734375
5 0.00792578125 0.156072265625 0.0768125 0.15515625 0.021640625 0.235986328125 0 0.235986328125 0 0.168271484375
5 0.015240234375 0.22982421875 0.08930859375 0.229275390625 0.02895703125 0.311630859375 0 0.312240234375 0 0.253982421875
5 0.033060546875 0.822630859375 0 0.87662109375 0 0.903958984375 0.050279296875 0.901662109375 0.10285546875 0.823779296875