0 0.034609375 0.335388671875 0.009990234375 0.4407421875 0.044599609375 0.412537109375 0.109537109375 0.411822265625
5 0.0313984375 0.33684375 0.1070390625 0.412537109375 0.184107421875 0.4096796875 0.103470703125 0.335771484375
0 0.020095703125 0.0558359375 0.021595703125 0.135072265625 0.096578125 0.05703515625
5 0.091779296875 0.056087890625 0.021595703125 0.131169921875 0.090580078125 0.134171875 0.162564453125 0.0558359375
0 0.559076171875 0.000611328125 0.50898828125 0.05253515625 0.58637109375 0.050734375 0.58637109375 0
0 0.58487109375 0.0482890625 0.51588671875 0.124869140625 0.586970703125 0.12366796875
5 0.51288671875 0.049189453125 0.44780078125 0.119166015625 0.520986328125 0.123369140625 0.586671875 0.04893359375
5 0.491591796875 0 0.433404296875 0.0564375 0.514986328125 0.05463671875 0.5644765625 0
0 0.851703125 0.38826171875 0.88066796875 0.387330078125 0.933716796875 0.458978515625 0.851703125 0.459302734375
5 0.873833984375 0.3879375 0.929486328125 0.460931640625 0.996203125 0.458326171875 0.94250390625 0.386677734375
0 0.756345703125 0.039705078125 0.75699609375 0.107140625 0.803537109375 0.040703125
0 0.75797265625 0.1054453125 0.759275390625 0.177162109375 0.768712890625 0.1787890625 0.821111328125 0.1042109375
5 0.799630859375 0.037427734375 0.756671875 0.10160546875 0.756671875 0.110072265625 0.818181640625 0.108443359375 0.8591875 0.04037890625
5 0.812974609375 0.102255859375 0.766435546875 0.177162109375 0.83640625 0.173904296875 0.883921875 0.102908203125