0 0.246126953125 0.483982421875 0.248609375 0.551525390625 0.280875 0.483638671875
4 0.27632421875 0.4827421875 0.246126953125 0.554423828125 0.307763671875 0.551939453125 0.34168359375 0.481568359375
4 0.3698125 0.483224609375 0.330927734375 0.54862890625 0.396287109375 0.54862890625 0.43434375 0.482396484375
0 0.3379609375 0.483224609375 0.303626953125 0.550697265625 0.335064453125 0.54862890625 0.37436328125 0.483224609375
0 0.431033203125 0.4810859375 0.38966796875 0.548626953125 0.431033203125 0.548212890625 0.4740546875 0.482810546875
4 0.468263671875 0.4815 0.42193359375 0.549455078125 0.496392578125 0.546556640625 0.535689453125 0.479083984375
0 0.531138671875 0.479017578125 0.4906015625 0.548212890625 0.53444921875 0.54573046875 0.57457421875 0.479498046875
5 0.568783203125 0.47819140625 0.52700390625 0.5469765625 0.604771484375 0.54490625 0.643654296875 0.47908984375
0 0.496392578125 0.60559765625 0.447166015625 0.6810078125 0.508802734375 0.68059375 0.55761328125 0.605255859375
3 0.553890625 0.602771484375 0.500943359375 0.681421875 0.580779296875 0.6810078125 0.629177734375 0.602771484375
3 0.419865234375 0.606083984375 0.37394921875 0.6834921875 0.452544921875 0.68225 0.503837890625 0.605255859375
0 0.368158203125 0.60683984375 0.321828125 0.684314453125 0.378912109375 0.684728515625 0.422759765625 0.6081484375
6 0.302384765625 0.608080078125 0.25316015625 0.6880390625 0.32513671875 0.685970703125 0.372294921875 0.6073203125
0 0.250263671875 0.6085625 0.2498515625 0.6880390625 0.257296875 0.6880390625 0.308177734375 0.6089765625
0 0.2527421875 0.837025390625 0.253041015625 0.906068359375 0.309833984375 0.905771484375
0 0.253337890625 0.919984375 0.2527421875 0.975994140625 0.300912109375 0.97420703125
5 0.253041015625 0.900955078125 0.253041015625 0.923921875 0.296453125 0.975099609375 0.36305859375 0.972720703125 0.30715625 0.901904296875
5 0.251255859375 0.839998046875 0.302697265625 0.9069609375 0.37405859375 0.90517578125 0.31875390625 0.83912109375