0 0.362 0.088205078125 0.32232421875 0.2152109375 0.269533203125 0.2148828125 0.268548828125 0.0869140625
5 0.35806640625 0.08525390625 0.316421875 0.2145546875 0.377412109375 0.2132421875 0.4206953125 0.0852734375
0 0.213462890625 0.202041015625 0.213791015625 0.223697265625 0.321013671875 0.223041015625 0.3282265625 0.200400390625
5 0.213791015625 0.22001953125 0.32298046875 0.220087890625 0.314126953125 0.278494140625 0.2144453125 0.278822265625
5 0.211494140625 0.274123046875 0.313470703125 0.274208984375 0.31314453125 0.336880859375 0.212478515625 0.337537109375
0 0.212478515625 0.332490234375 0.313470703125 0.334232421875 0.213462890625 0.388701171875
5 0.213134765625 0.383970703125 0.2147734375 0.45525390625 0.318390625 0.40012890625 0.315767578125 0.33023828125
0 0.744779296875 0.431615234375 0.8620703125 0.46963671875 0.881037109375 0.41579296875 0.74323046875 0.4181171875
5 0.7436171875 0.4274140625 0.871361328125 0.4673125 0.852005859375 0.524642578125 0.746328125 0.4886171875
0 0.700333984375 0.076265625 0.658482421875 0.191591796875 0.75055859375 0.188802734375 0.7421875 0.074404296875
5 0.73474609375 0.071615234375 0.7421875 0.188802734375 0.804501953125 0.18508203125 0.797990234375 0.071615234375
5 0.641740234375 0.074404296875 0.607328125 0.188802734375 0.67429296875 0.188802734375 0.707775390625 0.076265625