0 0.580357421875 0.229087890625 0.52618359375 0.307564453125 0.6348203125 0.306412109375 0.63366796875 0.2279765625
0 0.572865234375 0.15618359375 0.51091015625 0.236958984375 0.634244140625 0.233498046875 0.631361328125 0.15448828125
5 0.506587890625 0.1573359375 0.45356640625 0.238970703125 0.522724609375 0.236375 0.57113671875 0.1556328125
5 0.51609765625 0.231748046875 0.465380859375 0.305857421875 0.53338671875 0.30614453125 0.586984375 0.230017578125
0 0.53338671875 0.4544296875 0.59332421875 0.5308671875 0.641447265625 0.5314453125 0.638853515625 0.4509921875
0 0.529064453125 0.527623046875 0.586408203125 0.6049765625 0.64346484375 0.605265625 0.6423125 0.525388671875
5 0.465091796875 0.5273359375 0.515232421875 0.596326171875 0.589578125 0.602669921875 0.534828125 0.526830078125
5 0.47316015625 0.45587109375 0.530505859375 0.532310546875 0.5996640625 0.530001953125 0.536267578125 0.452146484375
0 0.596501953125 0.822751953125 0.54312890625 0.90309765625 0.651890625 0.90041015625 0.6502109375 0.820462890625
0 0.587439453125 0.74688671875 0.52500390625 0.830876953125 0.650546875 0.827853515625 0.647861328125 0.7468984375
5 0.535408203125 0.823421875 0.48203515625 0.90074609375 0.551857421875 0.90074609375 0.603888671875 0.823150390625
5 0.591466796875 0.745544921875 0.537087890625 0.829533203125 0.466595703125 0.830876953125 0.520638671875 0.7465625