0 0.56116015625 0.3435390625 0.5621875 0.43056640625 0.68160546875 0.3857109375 0.679552734375 0.34256640625
5 0.5604765625 0.4283984375 0.67989453125 0.381943359375 0.680578125 0.445630859375 0.5638984375 0.491171875
0 0.380494140625 0.419583984375 0.362017578125 0.469576171875 0.244994140625 0.4329375 0.244310546875 0.417873046875
5 0.24636328125 0.42737109375 0.372283203125 0.46820703125 0.35312109375 0.524361328125 0.2453359375 0.4866953125
0 0.20097265625 0.076888671875 0.165654296875 0.190173828125 0.247544921875 0.190173828125 0.245357421875 0.076951171875
5 0.142212890625 0.078763671875 0.10845703125 0.18734765625 0.17159375 0.189224609375 0.205349609375 0.076939453125
5 0.23910546875 0.076263671875 0.24129296875 0.190162109375 0.3034921875 0.189849609375 0.297865234375 0.0756875
0 0.6862734375 0.831876953125 0.57222265625 0.8776640625 0.572552734375 0.912857421875 0.687259765625 0.868126953125
3 0.56959375 0.826947265625 0.689232421875 0.780638671875 0.69021875 0.83589453125 0.57156640625 0.881611328125
3 0.570908203125 0.910759765625 0.689560546875 0.8641171875 0.68890234375 0.920029296875 0.5738671875 0.96508984375
3 0.573208984375 0.961375 0.689232421875 0.914439453125 0.686931640625 0.972326171875 0.617580078125 0.998046875 0.572552734375 0.998046875
0 0.689560546875 0.9659765625 0.689888671875 0.998046875 0.6021328125 0.998046875