0 0.36319140625 0.586763671875 0.320517578125 0.71681640625 0.271814453125 0.71681640625 0.271814453125 0.585921875
5 0.357625 0.5844453125 0.318662109375 0.7131015625 0.380353515625 0.71356640625 0.421171875 0.583599609375
0 0.216615234375 0.7203515625 0.321908203125 0.719990234375 0.3288671875 0.695388671875 0.215224609375 0.6977109375
5 0.21012109375 0.7134921875 0.318662109375 0.71302734375 0.318197265625 0.778009765625 0.2105859375 0.7766171875
5 0.212904296875 0.77323046875 0.316806640625 0.77381640625 0.3140234375 0.836478515625 0.21383203125 0.83694140625
0 0.21383203125 0.83353125 0.314951171875 0.83271484375 0.214296875 0.88887890625
5 0.214296875 0.883625 0.215224609375 0.953357421875 0.318197265625 0.90090625 0.3154140625 0.827568359375
0 0.74509765625 0.931263671875 0.861779296875 0.969873046875 0.8810078125 0.919146484375 0.743787109375 0.917396484375
5 0.746845703125 0.926892578125 0.8661484375 0.965486328125 0.8526015625 0.998046875 0.782244140625 0.998046875 0.7420390625 0.986041015625
0 0.701466796875 0.576103515625 0.6658515625 0.698046875 0.7496171875 0.69462890625 0.74448828125 0.575248046875
5 0.641634765625 0.5778125 0.604310546875 0.69947265625 0.6706953125 0.69405859375 0.705740234375 0.576388671875
5 0.74078515625 0.575818359375 0.741640625 0.696052734375 0.802896484375 0.691779296875 0.797484375 0.575533203125