0 0.247517578125 0 0.248931640625 0.053826171875 0.274390625 0
4 0.268732421875 0 0.2461015625 0.051466796875 0.307392578125 0.05099609375 0.334736328125 0
0 0.32794921875 0 0.302125 0.050302734375 0.335732421875 0.049947265625 0.362619140625 0.000384765625
0 0.419578125 0 0.3895078125 0.049240234375 0.429837890625 0.048177734375 0.465568359375 0
0 0.51828125 0 0.49033203125 0.04746875 0.53384765625 0.04676171875 0.559318359375 0
0 0.49709375 0.105224609375 0.447203125 0.182935546875 0.510248046875 0.18112109375 0.55877734375 0.104416015625
0 0.36737890625 0.1083984375 0.320662109375 0.184296875 0.378263671875 0.18656640625 0.4213515625 0.10759375
0 0.249 0.1098671875 0.250814453125 0.192923828125 0.3052421875 0.1107734375
4 0.358759765625 0 0.331546875 0.049048828125 0.396859375 0.0476875 0.423619140625 0
4 0.45990234375 0.000484375 0.4213515625 0.04995703125 0.494373046875 0.047232421875 0.5206796875 0
5 0.556962890625 0.0009453125 0.527935546875 0.045423828125 0.6045859375 0.044515625 0.63361328125 0
3 0.5537890625 0.10295703125 0.501630859375 0.182921875 0.578734375 0.183828125 0.630439453125 0.1025859375
4 0.41772265625 0.10431640625 0.375087890625 0.184736328125 0.4549140625 0.182466796875 0.502537109375 0.105310546875
6 0.30161328125 0.108853515625 0.251267578125 0.1879140625 0.32610546875 0.184283203125 0.3723671875 0.107580078125
0 0.253990234375 0.3383515625 0.30977734375 0.4055546875 0.254443359375 0.4060078125
0 0.255349609375 0.418275390625 0.25262890625 0.475904296875 0.299798828125 0.476357421875
5 0.25172265625 0.341525390625 0.30251953125 0.406927734375 0.375087890625 0.40511328125 0.320662109375 0.33884765625
5 0.25308203125 0.403208984375 0.25308203125 0.42462890625 0.294810546875 0.476369140625 0.364203125 0.473646484375 0.307962890625 0.402388671875
0 0.286833984375 0.6179140625 0.307685546875 0.687716796875 0.3498984375 0.617994140625
5 0.356509765625 0.5965546875 0.303109375 0.687716796875 0.375326171875 0.687208984375 0.425673828125 0.597638671875
0 0.403416015625 0.900923828125 0.403724609375 0.9717578125 0.4744453125 0.9717578125 0.4227890625 0.901912109375
5 0.420021484375 0.903076171875 0.468603515625 0.971451171875 0.54270703125 0.9717578125 0.484900390625 0.89452734375