0 0.61142578125 0.64287109375 0.61282421875 0.703375 0.711349609375 0.703724609375 0.71065234375 0.641841796875
3 0.61282421875 0.70051953125 0.612474609375 0.76910546875 0.712048828125 0.767357421875 0.711 0.700228515625
0 0.067806640625 0.647548828125 0.019373046875 0.72036328125 0.12205078125 0.72036328125 0.12253515625 0.6491171875
0 0.11817578125 0.5768359375 0.064900390625 0.652025390625 0.12350390625 0.65348046875
5 0.050560546875 0.584369140625 0.000728515625 0.653728515625 0.070736328125 0.654458984375 0.116921875 0.58269921875
5 0.00534765625 0.6478515625 0.072681640625 0.650041015625 0.02041796875 0.721798828125 0 0.7213125 0.0002421875 0.6551484375
0 0.051119140625 0.36154296875 0.105203125 0.433548828125 0.115205078125 0.43466015625 0.115205078125 0.3631171875
0 0.05482421875 0.3682109375 0.115205078125 0.3671953125 0.11409375 0.29565234375 0.00407421875 0.297505859375
5 0.00222265625 0.363859375 0.0588984375 0.36348828125 0.11187109375 0.4342890625 0.042228515625 0.43503125 0 0.3805390625
5 0.008150390625 0.295236328125 0.062232421875 0.3671953125 0 0.37090234375 0 0.296763671875
0 0.055564453125 0.080384765625 0.007408203125 0.155328125 0.108908203125 0.153103515625 0.107796875 0.08044921875
0 0.054083984375 0.084830078125 0.107796875 0.08637890625 0.106685546875 0.013353515625 0.0918671875 0.013724609375
5 0.00037109375 0.080078125 0.0588984375 0.08044921875 0.00851953125 0.1545859375 0 0.15569921875
5 0.039265625 0.014076171875 0.10038671875 0.01227734375 0.051119140625 0.0864140625 0 0.08678515625 0.00037109375 0.071216796875