0 0.95276953125 0.121845703125 0.998046875 0.123103515625 0.998046875 0.206884765625
3 0.89876953125 0.125166015625 0.957375 0.228248046875 0.998046875 0.203533203125 0.95988671875 0.121845703125
0 0.15614453125 0.119751953125 0.203865234375 0.202275390625 0.155306640625 0.224896484375
5 0.1565625 0.125583984375 0.213494140625 0.224896484375 0.264146484375 0.19766796875 0.221447265625 0.121845703125
0 0.156208984375 0.4850703125 0.2055390625 0.50928515625 0.15209765625 0.5982421875 0.150556640625 0.493345703125
5 0.2142734375 0.483015625 0.263603515625 0.510314453125 0.21324609375 0.59721484375 0.153640625 0.593099609375
0 0.993806640625 0.5171484375 0.945884765625 0.607966796875 0.997138671875 0.60848046875
5 0.947166015625 0.494853515625 0.9968828125 0.51975 0.949216796875 0.608736328125 0.886173828125 0.605146484375
0 0.992244140625 0.41303515625 0.944537109375 0.49798046875 0.996728515625 0.52393359375
5 0.93333203125 0.41175390625 0.889146484375 0.49766015625 0.938134765625 0.522650390625 0.993525390625 0.41563671875
0 0.544328125 0.830216796875 0.541005859375 0.9251875 0.5742421875 0.9251875 0.576826171875 0.829107421875
3 0.5731328125 0.83015625 0.570548828125 0.92555859375 0.621140625 0.92555859375 0.624833984375 0.829107421875
3 0.62040234375 0.827203125 0.61781640625 0.9251875 0.670255859375 0.925927734375 0.672841796875 0.827998046875
0 0.669517578125 0.826833984375 0.666931640625 0.92703515625 0.6994296875 0.925927734375 0.700537109375 0.82393359375
0 0.77033203125 0.8246171875 0.76737890625 0.927404296875 0.8216640625 0.92814453125 0.824248046875 0.825412109375
3 0.8205546875 0.824986328125 0.8176015625 0.927404296875 0.87188671875 0.928513671875 0.874470703125 0.824302734375