0 0.454982421875 0.123412109375 0.501328125 0.20691796875 0.50212109375 0.123171875
3 0.3993671875 0.12553125 0.459484375 0.229708984375 0.5039765625 0.202677734375 0.45789453125 0.123171875
0 0.49465234375 0.52165625 0.446875 0.60590234375 0.496470703125 0.6082421875
5 0.447134765625 0.4941328125 0.3853359375 0.606162109375 0.449990234375 0.6082421875 0.496728515625 0.519376953125
0 0.54853125 0.68309375 0.604275390625 0.78164453125 0.613939453125 0.78164453125 0.617654296875 0.68346484375
3 0.4898125 0.684177734375 0.54816015625 0.785734375 0.6131953125 0.7868515625 0.552619140625 0.68309375
0 0.270548828125 0.82502734375 0.267947265625 0.92659375 0.322578125 0.927337890625 0.32480859375 0.82618359375
3 0.320720703125 0.8253984375 0.318861328125 0.927337890625 0.372376953125 0.92882421875 0.374607421875 0.825439453125
0 0.16909375 0.824693359375 0.167234375 0.928080078125 0.198080078125 0.92696484375 0.200681640625 0.822833984375
3 0.121896484375 0.82762890625 0.117435546875 0.92584765625 0.170951171875 0.925103515625 0.173181640625 0.827296875
3 0.071724609375 0.829529296875 0.07023828125 0.926220703125 0.121896484375 0.924734375 0.124869140625 0.82990234375
0 0.044595703125 0.82762890625 0.041251953125 0.925478515625 0.074326171875 0.925478515625 0.076927734375 0.829158203125
0 0.7720390625 0.82912109375 0.770419921875 0.932064453125 0.81778515625 0.932064453125 0.819810546875 0.82997265625
3 0.720623046875 0.82952734375 0.718193359375 0.93125390625 0.77284765625 0.932875 0.776087890625 0.830783203125
3 0.815357421875 0.832765625 0.814546875 0.933279296875 0.866771484375 0.932875 0.86758203125 0.83280859375
0 0.456189453125 0.223859375 0.50257421875 0.303076171875 0.50257421875 0.19894140625
5 0.39810546875 0.225875 0.4444921875 0.311150390625 0.504994140625 0.2994453125 0.446912109375 0.20015234375
0 0.44475390625 0.497431640625 0.495173828125 0.523126953125 0.49366796875 0.412427734375
5 0.38944140625 0.495173828125 0.43572265625 0.523126953125 0.494796875 0.4146875 0.433087890625 0.4131796875