0 0.548298828125 0.182994140625 0.60418359375 0.28159375 0.613044921875 0.28125390625 0.616111328125 0.184408203125
3 0.489685546875 0.18537890625 0.546935546875 0.2846640625 0.611681640625 0.285345703125 0.5510234375 0.182703125
0 0.492392578125 0.020642578125 0.445337890625 0.10878515625 0.49391015625 0.11
5 0.457177734375 0 0.497857421875 0.0209921875 0.446857421875 0.109697265625 0.38553515625 0.1048359375 0.4438203125 0.00003125
0 0.771853515625 0.33084375 0.77116015625 0.432107421875 0.818275390625 0.4331484375 0.820353515625 0.3294921875
3 0.816890625 0.331189453125 0.816197265625 0.4331484375 0.8664296875 0.43280078125 0.868162109375 0.3312265625
3 0.723353515625 0.332576171875 0.719888671875 0.430720703125 0.773931640625 0.431068359375 0.775318359375 0.3312265625
3 0.32105859375 0.32612890625 0.317708984375 0.428939453125 0.372427734375 0.428939453125 0.37577734375 0.32389453125
0 0.270248046875 0.324966796875 0.266337890625 0.429498046875 0.3216171875 0.428939453125 0.325525390625 0.32501171875
0 0.16806640625 0.323849609375 0.165275390625 0.42726171875 0.19821875 0.426703125 0.201568359375 0.324453125
0 0.044111328125 0.328875 0.040201171875 0.4272578125 0.072587890625 0.42669921875 0.07537890625 0.32891796875
3 0.071470703125 0.327201171875 0.069236328125 0.42781640625 0.12172265625 0.428375 0.12395703125 0.33003515625
3 0.118931640625 0.32831640625 0.116138671875 0.428375 0.170859375 0.428375 0.173650390625 0.32780078125