3 0.92847265625 0.2242890625 0.928837890625 0.2979296875 0.984181640625 0.296107421875 0.98491015625 0.226150390625
0 0.97944921875 0.226474609375 0.978720703125 0.2968359375 0.998046875 0.297201171875 0.998046875 0.22505859375
3 0.929201171875 0.41326171875 0.92847265625 0.504767578125 0.97835546875 0.5051328125 0.9798125 0.412220703125
0 0.97471484375 0.413990234375 0.97471484375 0.505861328125 0.998046875 0.5040390625 0.998046875 0.41294921875
3 0.91099609375 0.52801953125 0.979083984375 0.528384765625 0.978720703125 0.57684375 0.911359375 0.57538671875
0 0.9106328125 0.5031953125 0.9106328125 0.53312109375 0.9779921875 0.53312109375 0.9779921875 0.503609375
3 0.909904296875 0.57391015625 0.90917578125 0.621640625 0.97944921875 0.62200390625 0.98017578125 0.573544921875
0 0.908083984375 0.61614453125 0.908083984375 0.64784375 0.98126953125 0.64748046875 0.98126953125 0.61614453125
3 0.906990234375 0.640828125 0.90771875 0.690822265625 0.97944921875 0.69045703125 0.98017578125 0.6416328125
3 0.906263671875 0.687798828125 0.906263671875 0.736353515625 0.97835546875 0.73526171875 0.978720703125 0.68680078125
0 0.908447265625 0.733052734375 0.908810546875 0.760015625 0.97944921875 0.75928515625 0.97835546875 0.73123046875
3 0.908810546875 0.755521484375 0.908083984375 0.81175390625 0.980904296875 0.811388671875 0.980904296875 0.7549140625
0 0.320712890625 0.395228515625 0.38627734375 0.470083984375 0.38706640625 0.391564453125
5 0.323345703125 0.391806640625 0.319658203125 0.4505859375 0.38575 0.524890625 0.384169921875 0.458490234375
0 0.173099609375 0.39306640625 0.252091796875 0.391654296875 0.251712890625 0.423423828125 0.174611328125 0.50999609375
5 0.17574609375 0.496623046875 0.176501953125 0.5720234375 0.25398046875 0.486548828125 0.251712890625 0.416201171875
0 0.178013671875 0.43884375 0.178013671875 0.393837890625 0.14815625 0.404048828125 0.109982421875 0.458888671875 0.104314453125 0.518267578125
5 0.10355859375 0.51438671875 0.10355859375 0.585966796875 0.181416015625 0.50011328125 0.178390625 0.4343046875
0 0.181416015625 0.882509765625 0.10469140625 0.96880859375 0.18368359375 0.97069921875
0 0.176501953125 0.9505390625 0.25398046875 0.871609375 0.243021484375 0.92871875 0.20182421875 0.96502734375 0.176501953125 0.968052734375
5 0.177634765625 0.885154296875 0.17876953125 0.955572265625 0.25398046875 0.87576953125 0.25246875 0.806556640625
5 0.18028125 0.8182578125 0.182171875 0.889384765625 0.106958984375 0.972212890625 0.106203125 0.899595703125
0 0.13666015625 0.129751953125 0.06961328125 0.21701171875 0.06961328125 0.228009765625 0.1355625 0.22691015625
5 0.132998046875 0.073642578125 0.06558203125 0.142966796875 0.067048828125 0.2239921875 0.13666015625 0.14333203125