0 0.4897109375 0.6582734375 0.58228515625 0.6574375 0.58228515625 0.683087890625 0.49905859375 0.680673828125
0 0.57625390625 0.6582734375 0.57625390625 0.682484375 0.652244140625 0.681578125 0.66852734375 0.667396484375 0.668224609375 0.6574375
5 0.575349609375 0.61816796875 0.575953125 0.662265625 0.6673203125 0.662869140625 0.6673203125 0.617607421875
5 0.5780625 0.618470703125 0.4888046875 0.61851171875 0.489107421875 0.662265625 0.5780625 0.662568359375
0 0.579384765625 0.776736328125 0.579103515625 0.8210234375 0.666939453125 0.8213046875 0.666376953125 0.778201171875
0 0.58135546875 0.777017578125 0.490703125 0.777638671875 0.490421875 0.8210234375 0.58023046875 0.820177734375
5 0.574599609375 0.816712890625 0.574318359375 0.86018359375 0.666658203125 0.859337890625 0.666658203125 0.815953125
5 0.58191796875 0.816994140625 0.490984375 0.816515625 0.492392578125 0.86102734375 0.58107421875 0.861873046875
0 0.001501953125 0.232115234375 0.088638671875 0.231443359375 0.088638671875 0.258126953125 0.000751953125 0.257751953125
0 0.00187890625 0.11643359375 0.086009765625 0.116865234375 0.085634765625 0.146181640625 0.00262890625 0.14655859375
0 0.00225390625 0.03235546875 0.085634765625 0.03235546875 0.085634765625 0.000408203125 0.003380859375 0.000783203125
3 0.004130859375 0.02934765625 0.004130859375 0.0793359375 0.08713671875 0.07783203125 0.085634765625 0.02934765625
3 0.006009765625 0.072947265625 0.006009765625 0.121431640625 0.08676171875 0.121431640625 0.086384765625 0.0725703125
3 0.005634765625 0.142349609375 0.0052578125 0.190185546875 0.09239453125 0.189810546875 0.091267578125 0.14433203125
3 0.00788671875 0.18601953125 0.008263671875 0.237134765625 0.090892578125 0.23450390625 0.089765625 0.186396484375
3 0.0052578125 0.2538984375 0.006009765625 0.310763671875 0.088263671875 0.308884765625 0.08751171875 0.252130859375