0 0.292462890625 0.5545234375 0.291333984375 0.622986328125 0.387193359375 0.60869140625 0.3244140625 0.540603515625
5 0.249232421875 0.55710546875 0.24885546875 0.627517578125 0.2984765625 0.629021484375 0.2981015625 0.552283203125
5 0.320279296875 0.5420703125 0.385689453125 0.61585546875 0.386064453125 0.55341015625 0.32291015625 0.486828125
0 0.182318359375 0.38275 0.103751953125 0.470021484375 0.1826953125 0.46926953125
5 0.18119140625 0.315791015625 0.102248046875 0.4056953125 0.104880859375 0.472279296875 0.183822265625 0.387640625
0 0.17818359375 0.44771484375 0.2533671875 0.369958984375 0.251111328125 0.411337890625 0.209759765625 0.459865234375 0.177056640625 0.470021484375
5 0.17818359375 0.384560546875 0.177431640625 0.4553515625 0.2537421875 0.3756015625 0.252990234375 0.3056328125
0 0.998046875 0.23190234375 0.909203125 0.2316640625 0.909203125 0.260126953125 0.998046875 0.2581171875
0 0.998046875 0.117123046875 0.9071953125 0.116861328125 0.90652734375 0.14465625 0.997212890625 0.14532421875
0 0.997212890625 0.033798828125 0.909873046875 0.033544921875 0.909873046875 0 0.998046875 0
3 0.997880859375 0.0301171875 0.90853515625 0.02952734375 0.90853515625 0.07841796875 0.998046875 0.077412109375
3 0.9955390625 0.073619140625 0.907865234375 0.07336328125 0.90753125 0.122923828125 0.998046875 0.122587890625
3 0.9055234375 0.139244140625 0.9051875 0.1911484375 0.998046875 0.191482421875 0.996876953125 0.140248046875
3 0.997880859375 0.188400390625 0.904853515625 0.1888046875 0.9055234375 0.236689453125 0.998046875 0.23635546875
3 0.995205078125 0.253318359375 0.909203125 0.25340234375 0.907865234375 0.311669921875 0.998046875 0.30999609375