0 0.49453125 0.2302734375 0.4939453125 0.258431640625 0.5865234375 0.25784375 0.5859375 0.231654296875
3 0.4943359375 0.254296875 0.49453125 0.30866015625 0.58984375 0.30807421875 0.5892578125 0.254130859375
3 0.4806640625 0.2529296875 0.410546875 0.253541015625 0.4099609375 0.309830078125 0.4796875 0.31041796875
0 0.4794921875 0.2314453125 0.4103515625 0.231671875 0.4103515625 0.258056640625 0.48046875 0.258837890625
3 0.494677734375 0.186322265625 0.4950859375 0.2355703125 0.589271484375 0.234341796875 0.588861328125 0.187216796875
3 0.48362109375 0.18550390625 0.4045859375 0.186396484375 0.405814453125 0.234751953125 0.48362109375 0.235162109375
3 0.48771484375 0.14209765625 0.488943359375 0.18885546875 0.5905 0.18967578125 0.589271484375 0.142140625
3 0.48280078125 0.14127734375 0.4025390625 0.1413203125 0.40212890625 0.191314453125 0.48566796875 0.18967578125
0 0.486078125 0.11670703125 0.486486328125 0.148716796875 0.587224609375 0.14502734375 0.587224609375 0.1192109375
0 0.4852578125 0.116298828125 0.4025390625 0.118802734375 0.4025390625 0.144208984375 0.486896484375 0.144619140625
3 0.501228515625 0.072482421875 0.50327734375 0.1225078125 0.589271484375 0.1216875 0.588453125 0.072103515625
3 0.481982421875 0.072072265625 0.400900390625 0.073333984375 0.401720703125 0.1225078125 0.481982421875 0.1216875
3 0.50041015625 0.029484375 0.50041015625 0.075466796875 0.5876328125 0.076697265625 0.58599609375 0.028751953125
3 0.479115234375 0.029484375 0.40212890625 0.029162109375 0.40212890625 0.07792578125 0.48075390625 0.076697265625
0 0.497953125 0.032759765625 0.586404296875 0.030390625 0.586404296875 0 0.49549609375 0.00170703125
0 0.47788671875 0.032439453125 0.47788671875 0.002525390625 0.400900390625 0.002935546875 0.401720703125 0.032439453125