0 0.811958984375 0.477111328125 0.72978515625 0.478642578125 0.72978515625 0.5326171875 0.811958984375 0.533703125
5 0.809423828125 0.43951953125 0.730146484375 0.438431640625 0.72978515625 0.48298828125 0.811595703125 0.483712890625
5 0.729423828125 0.5293203125 0.729423828125 0.572427734375 0.81268359375 0.573515625 0.8123203125 0.5293203125
0 0.71437890625 0.7673671875 0.71437890625 0.86885546875 0.753443359375 0.870791015625 0.751896484375 0.76667578125
0 0.574751953125 0.7696875 0.575138671875 0.8692421875 0.604146484375 0.86885546875 0.604533203125 0.77016015625
0 0.7139921875 0.76659375 0.71360546875 0.7933828125 0.812232421875 0.792607421875 0.812232421875 0.765515625
0 0.497009765625 0.7956015625 0.604533203125 0.79454296875 0.604533203125 0.769384765625 0.497396484375 0.768224609375
5 0.496623046875 0.729849609375 0.496623046875 0.77558203125 0.5890625 0.77558203125 0.5882890625 0.7295234375
5 0.597958984375 0.77007421875 0.597572265625 0.8680859375 0.64437109375 0.8680859375 0.64359765625 0.77055078125
5 0.676861328125 0.777423828125 0.677248046875 0.86692578125 0.71940625 0.8665390625 0.7186328125 0.776357421875
5 0.732169921875 0.727916015625 0.731396484375 0.77055078125 0.8161015625 0.76977734375 0.8161015625 0.7279765625
0 0.979642578125 0.774169921875 0.946837890625 0.77394921875 0.945943359375 0.86437109375 0.984115234375 0.863177734375
5 0.907474609375 0.85840234375 0.951609375 0.858103515625 0.951609375 0.775142578125 0.90717578125 0.77484375