0 0.7931640625 0.4529296875 0.8779296875 0.4533671875 0.849609375 0.429130859375 0.791796875 0.423658203125
5 0.7953125 0.44926171875 0.7943359375 0.49343359375 0.8767578125 0.49284765625 0.8763671875 0.44926171875
0 0.7955078125 0.453515625 0.7953125 0.422482421875 0.7421875 0.43010546875 0.697265625 0.45180078125
5 0.70390625 0.4515625 0.7021484375 0.493822265625 0.7974609375 0.493625 0.796875 0.449650390625
0 0.48090625 0.225044921875 0.478607421875 0.296705078125 0.5085 0.297361328125 0.506529296875 0.22438671875
3 0.430318359375 0.225341796875 0.429662109375 0.296375 0.482548828125 0.296375 0.48451953125 0.22438671875
3 0.503900390625 0.22304296875 0.503572265625 0.29769140625 0.550216796875 0.297361328125 0.550875 0.222744140625
0 0.4730234375 0.410609375 0.4743359375 0.50565234375 0.52722265625 0.504994140625 0.52591015625 0.40966796875
3 0.429333984375 0.41291015625 0.428677734375 0.504994140625 0.478607421875 0.50598046875 0.478607421875 0.41032421875
3 0.52032421875 0.408638671875 0.521638671875 0.505322265625 0.5866796875 0.504337890625 0.58405078125 0.407037109375
0 0.5196015625 0.502091796875 0.51933203125 0.534478515625 0.58694140625 0.533400390625 0.58694140625 0.50078515625
0 0.410509765625 0.50186328125 0.410240234375 0.534208984375 0.478658203125 0.534478515625 0.478388671875 0.5010546875
3 0.520140625 0.53010546875 0.520140625 0.57868359375 0.58801953125 0.577875 0.5872109375 0.526662109375
3 0.40781640625 0.52935546875 0.4070078125 0.57598828125 0.4767734375 0.5741015625 0.477849609375 0.528546875
3 0.521216796875 0.573744140625 0.520947265625 0.621796875 0.58855859375 0.62206640625 0.58855859375 0.573546875
3 0.47515625 0.572126953125 0.4756953125 0.622607421875 0.404853515625 0.622607421875 0.40566015625 0.5727421875
0 0.520677734375 0.61691796875 0.520677734375 0.64626171875 0.590712890625 0.645220703125 0.589904296875 0.61745703125
0 0.4767734375 0.61745703125 0.404583984375 0.61799609375 0.404853515625 0.647916015625 0.478388671875 0.646568359375
3 0.51987109375 0.64269921875 0.520677734375 0.69181640625 0.591521484375 0.69046875 0.591521484375 0.6427578125
3 0.520947265625 0.685259765625 0.521486328125 0.73519921875 0.589904296875 0.7349296875 0.589904296875 0.685333984375
3 0.404853515625 0.64296875 0.404044921875 0.691802734375 0.478388671875 0.690994140625 0.478388671875 0.642744140625
3 0.477849609375 0.686875 0.404583984375 0.6869453125 0.404044921875 0.735193359375 0.477849609375 0.735462890625
0 0.5196015625 0.731666015625 0.5196015625 0.75862109375 0.58775 0.75808203125 0.58801953125 0.733822265625
0 0.478658203125 0.7302421875 0.40512109375 0.731107421875 0.40512109375 0.7586015625 0.479197265625 0.7580625
3 0.496974609375 0.754486328125 0.495626953125 0.809546875 0.5928671875 0.80766015625 0.591791015625 0.75294140625
3 0.483236328125 0.755025390625 0.403505859375 0.75455859375 0.402697265625 0.81089453125 0.483775390625 0.81089453125