5 0.676171875 0.277916015625 0.675263671875 0.364806640625 0.719767578125 0.3643515625 0.718859375 0.27573828125
5 0.640751953125 0.277462890625 0.640751953125 0.367078125 0.597611328125 0.367078125 0.599427734375 0.2766484375
0 0.714771484375 0.273375 0.7156796875 0.364806640625 0.752009765625 0.366169921875 0.7511015625 0.274375
0 0.56264453125 0.273830078125 0.56264453125 0.366169921875 0.603515625 0.36571484375 0.60396875 0.273466796875
5 0.73157421875 0.227056640625 0.73112109375 0.2716484375 0.811044921875 0.27028515625 0.811953125 0.2275703125
0 0.732482421875 0.268380859375 0.733390625 0.29709765625 0.807865234375 0.2961875 0.809228515625 0.266650390625
0 0.587166015625 0.268833984375 0.499068359375 0.270287109375 0.498615234375 0.2925546875 0.586712890625 0.29164453125
5 0.50179296875 0.228873046875 0.50133984375 0.27483203125 0.586712890625 0.27483203125 0.58762109375 0.230298828125
0 0.729296875 0.0013671875 0.7296875 0.032271484375 0.81171875 0.032466796875 0.8119140625 0
5 0.7298828125 0.028751953125 0.7298828125 0.071947265625 0.812109375 0.072142578125 0.8123046875 0.02914453125
0 0.98116015625 0.274939453125 0.948087890625 0.275025390625 0.948087890625 0.3502421875 0.98516796875 0.349908203125
5 0.9076640625 0.2736875 0.90699609375 0.35258203125 0.953431640625 0.35124609375 0.9524296875 0.2740234375