0 0.574361328125 0.492587890625 0.6622734375 0.492375 0.6622734375 0.42311328125
5 0.5735234375 0.4890234375 0.5726875 0.53175390625 0.66087890625 0.532033203125 0.661435546875 0.488185546875
0 0.291939453125 0.4232265625 0.2914453125 0.453666015625 0.377078125 0.454654296875 0.362271484375 0.43391015625 0.329697265625 0.422056640625
5 0.293173828125 0.449138671875 0.293173828125 0.49265234375 0.3765859375 0.492158203125 0.37683203125 0.449435546875
0 0.2005859375 0.45390625 0.280078125 0.4545390625 0.2794921875 0.424244140625 0.2328125 0.43284375
5 0.2013671875 0.45 0.20078125 0.49323828125 0.2775390625 0.49304296875 0.2767578125 0.450044921875
3 0.00394921875 0.2239921875 0.004306640625 0.298740234375 0.048458984375 0.298021484375 0.048458984375 0.2240234375
0 0.026388671875 0.41020703125 0.026154296875 0.505474609375 0 0.505474609375 0 0.409748046875
3 0.0223828125 0.4078515625 0.02285546875 0.503587890625 0.084822265625 0.504060546875 0.0815234375 0.409748046875
0 0.654876953125 0.211107421875 0.654876953125 0.293576171875 0.701298828125 0.293576171875 0.701298828125 0.21117578125
3 0.66040234375 0.20779296875 0.66040234375 0.2930234375 0.610666015625 0.290810546875 0.61398046875 0.208962890625
5 0.695771484375 0.210001953125 0.69411328125 0.29412890625 0.7438515625 0.29412890625 0.741087890625 0.209517578125
0 0.0853046875 0.532845703125 0.086046875 0.502953125 0 0.501716796875 0 0.533634765625
3 0.0845625 0.529384765625 0.085056640625 0.5766875 0 0.5766875 0 0.52893359375
3 0.086046875 0.57240625 0.085056640625 0.622685546875 0 0.6216953125 0 0.57319921875
0 0.085798828125 0.61790234375 0.085798828125 0.646673828125 0 0.645685546875 0 0.618466796875
3 0.085798828125 0.6408984375 0.086046875 0.690443359375 0 0.6901953125 0 0.640462890625
3 0.085798828125 0.6873828125 0.085798828125 0.73494921875 0 0.735197265625 0 0.686947265625
0 0.086541015625 0.731642578125 0.087283203125 0.758689453125 0 0.759185546875 0 0.730482421875
3 0.087529296875 0.753958984375 0.088271484375 0.8093828125 0 0.808392578125 0 0.753958984375