0 0.508841796875 0.365091796875 0.5094609375 0.4440234375 0.552431640625 0.4424765625 0.55150390625 0.363900390625
3 0.46308984375 0.364783203125 0.46308984375 0.444640625 0.515953125 0.444640625 0.51409765625 0.36328125
5 0.54779296875 0.3629296875 0.547484375 0.443404296875 0.600037109375 0.443404296875 0.599728515625 0.362353515625
0 0.50501171875 0.846357421875 0.55123046875 0.763443359375 0.428103515625 0.763064453125 0.429240234375 0.804767578125
5 0.547064453125 0.762630859375 0.50122265625 0.84381640625 0.5553984375 0.844953125 0.600103515625 0.764201171875
5 0.430755859375 0.799001953125 0.429998046875 0.85253515625 0.50425390625 0.895375 0.50425390625 0.841541015625
0 0.771759765625 0.937119140625 0.77150390625 0.98815234375 0.85816796875 0.937712890625
5 0.85251171875 0.93719921875 0.854826171875 0.989181640625 0.8319375 0.998046875 0.772017578125 0.998046875 0.771759765625 0.98403515625
0 0.5984296875 0.987009765625 0.682009765625 0.9389921875 0.6449765625 0.935904296875 0.605373046875 0.95855078125
5 0.598943359375 0.983666015625 0.682265625 0.935646484375 0.68123828125 0.989689453125 0.66375 0.998046875 0.599201171875 0.998046875
0 0.312533203125 0.587017578125 0.31290234375 0.62883203125 0.394546875 0.628091796875 0.393806640625 0.58705859375
5 0.311794921875 0.622916015625 0.31142578125 0.665798828125 0.39417578125 0.667279296875 0.39417578125 0.62550390625