0 0.44730078125 0.77420703125 0.448158203125 0.8635078125 0.485861328125 0.86222265625 0.483291015625 0.776044921875
5 0.40659765625 0.77420703125 0.40702734375 0.861365234375 0.4515859375 0.861365234375 0.45115625 0.774330078125
0 0.21508203125 0.76778125 0.214224609375 0.866078125 0.250642578125 0.866078125 0.2510703125 0.76875390625
0 0.2159375 0.766181640625 0.215509765625 0.794478515625 0.31191015625 0.79319140625 0.31191015625 0.765751953125
0 0.000857421875 0.76906640625 0.000427734375 0.79576171875 0.103685546875 0.795333984375 0.103685546875 0.770037109375
0 0.062552734375 0.769921875 0.065125 0.867791015625 0.103255859375 0.86736328125 0.103685546875 0.770466796875
5 0.142673828125 0.77720703125 0.142673828125 0.866076171875 0.09897265625 0.864791015625 0.099400390625 0.777326171875
5 0.176091796875 0.7784921875 0.176091796875 0.86521875 0.218509765625 0.86393359375 0.218080078125 0.777326171875
5 0.231791015625 0.727078125 0.231791015625 0.770037109375 0.314482421875 0.770466796875 0.312767578125 0.7271640625
5 0.086974609375 0.72836328125 0.002142578125 0.729736328125 0.002142578125 0.773896484375 0.08783203125 0.773896484375
0 0.2301484375 0.4791796875 0.229853515625 0.530904296875 0.31187890625 0.532083984375 0.3112890625 0.478642578125
5 0.2301484375 0.43905078125 0.2301484375 0.48159375 0.310404296875 0.481888671875 0.309814453125 0.43878125
5 0.231033203125 0.529044921875 0.231623046875 0.571650390625 0.31187890625 0.571650390625 0.3112890625 0.5291328125