0 0 0.269603515625 0.102392578125 0.268572265625 0.10296484375 0.29669921875 0 0.296125
0 0.06309765625 0.267880859375 0.06309765625 0.373904296875 0.10296484375 0.3736171875 0.101818359375 0.269720703125
0 0.215109375 0.266734375 0.21539453125 0.367017578125 0.250673828125 0.368451171875 0.249525390625 0.266564453125
0 0.215109375 0.265587890625 0.215109375 0.295263671875 0.31205078125 0.292681640625 0.312337890625 0.265416015625
5 0.231744140625 0.226580078125 0.23145703125 0.2723046875 0.313197265625 0.2700078125 0.311189453125 0.22580859375
5 0.174955078125 0.277060546875 0.175529296875 0.3693125 0.21941015625 0.3693125 0.218837890625 0.2754609375
5 0.0986640625 0.276486328125 0.0986640625 0.371896484375 0.143978515625 0.371322265625 0.143978515625 0.27804296875
5 0.002294921875 0.228302734375 0.001146484375 0.274025390625 0.09005859375 0.27258984375 0.08805078125 0.22753125
5 0.405263671875 0.27348828125 0.404978515625 0.365904296875 0.45230078125 0.368775390625 0.451154296875 0.272626953125
0 0.4468515625 0.274765625 0.4468515625 0.367052734375 0.48930078125 0.36848828125 0.487580078125 0.27549609375
0 0.228435546875 0.00116015625 0.228724609375 0.032587890625 0.313083984375 0.034328125 0.313083984375 0
5 0.22959375 0.027830078125 0.229013671875 0.073201171875 0.313662109375 0.074650390625 0.31250390625 0.028525390625