3 0.9298828125 0.7259765625 0.929296875 0.79771484375 0.9837890625 0.79791015625 0.9837890625 0.724814453125
0 0.980859375 0.723828125 0.9794921875 0.79751953125 0.998046875 0.79732421875 0.998046875 0.7234453125
3 0.927890625 0.911482421875 0.927220703125 0.998046875 0.980462890625 0.998046875 0.979794921875 0.91153125
0 0.97510546875 0.91153125 0.97510546875 0.998046875 0.998046875 0.998046875 0.998046875 0.91153125
0 0.3865234375 0.8912109375 0.3212890625 0.892013671875 0.3220703125 0.898658203125 0.3849609375 0.96882421875
5 0.32265625 0.89453125 0.3208984375 0.951615234375 0.3646484375 0.998046875 0.3814453125 0.998046875 0.381640625 0.957283203125
0 0.17397265625 0.89325390625 0.175607421875 0.998046875 0.251501953125 0.923166015625 0.250802734375 0.892318359375
5 0.24916796875 0.919375 0.2498671875 0.98953125 0.24052734375 0.998046875 0.175375 0.997943359375
0 0.1774765625 0.940390625 0.177009765625 0.8941796875 0.149453125 0.90048828125 0.10601953125 0.9626484375 0.102982421875 0.998046875 0.118162109375 0.998046875
5 0.176775390625 0.935775390625 0.17934375 0.998046875 0.11559375 0.99793359375
0 0.1339921875 0.635455078125 0.069443359375 0.716580078125 0.069443359375 0.72790625 0.13705078125 0.72882421875
5 0.1318515625 0.574208984375 0.066689453125 0.6532109375 0.06699609375 0.723927734375 0.135828125 0.643109375