0 0.79296875 0.5537109375 0.823046875 0.54065234375 0.888671875 0.613359375 0.792578125 0.6155078125
5 0.7498046875 0.55625 0.7490234375 0.628017578125 0.7974609375 0.628408203125 0.7966796875 0.554333984375
5 0.8228515625 0.4869140625 0.8890625 0.557091796875 0.8873046875 0.61512109375 0.8216796875 0.543978515625
0 0.3107421875 0.5345703125 0.323046875 0.54515234375 0.3224609375 0.632908203125 0.258984375 0.593623046875
5 0.364453125 0.5587890625 0.365234375 0.627044921875 0.3173828125 0.626263671875 0.3166015625 0.558638671875
5 0.252009765625 0.53021875 0.25887109375 0.60151171875 0.313765625 0.53783984375 0.318755859375 0.4610625
0 0.46026953125 0.385388671875 0.461068359375 0.471546875 0.540341796875 0.47174609375
5 0.46026953125 0.320890625 0.459271484375 0.39283203125 0.537345703125 0.4723359375 0.536748046875 0.400001953125
0 0.390298828125 0.374529296875 0.465642578125 0.45353515625 0.465642578125 0.472822265625 0.418333984375 0.4557265625 0.3951171875 0.418904296875
5 0.389421875 0.311451171875 0.466080078125 0.390412109375 0.464328125 0.460109375 0.388984375 0.37726171875
0 0.68116015625 0.383728515625 0.60537890625 0.4680078125 0.6833515625 0.471076171875
0 0.678095703125 0.44899609375 0.751685546875 0.372009765625 0.74905859375 0.418474609375 0.710947265625 0.458802734375 0.67721875 0.470201171875
5 0.67721875 0.38635546875 0.74993359375 0.3058203125 0.750810546875 0.38033984375 0.67678125 0.455296875
5 0.68116015625 0.3197734375 0.682037109375 0.39261328125 0.60494140625 0.470638671875 0.60537890625 0.399626953125
0 0.237318359375 0.0585546875 0.319138671875 0.058189453125 0.317974609375 0.0783671875 0.2369296875 0.152095703125
5 0.314486328125 0.0713515625 0.314873046875 0.14705078125 0.24391015625 0.232421875 0.242359375 0.1396796875