0 0.82028515625 0.39224609375 0.892609375 0.3912109375 0.891501953125 0.475033203125
5 0.82212890625 0.394091796875 0.892978515625 0.465431640625 0.8911328125 0.527466796875 0.819546875 0.4495546875
0 0.673423828125 0.391876953125 0.675267578125 0.5045390625 0.751650390625 0.422564453125 0.75128125 0.391916015625
5 0.675267578125 0.49741015625 0.75017578125 0.417025390625 0.75128125 0.4893984375 0.674529296875 0.57248046875
0 0.678220703125 0.440216796875 0.678220703125 0.393392578125 0.662353515625 0.394130859375 0.62139453125 0.434380859375 0.601837890625 0.47869140625 0.602576171875 0.520046875
5 0.678220703125 0.43541796875 0.678958984375 0.5030390625 0.605158203125 0.585751953125 0.60405078125 0.51079296875
0 0.458666015625 0.392615234375 0.458666015625 0.442505859375 0.535787109375 0.520048828125 0.535787109375 0.5026953125 0.519919921875 0.457646484375 0.486708984375 0.411119140625
5 0.458296875 0.435787109375 0.458666015625 0.507125 0.535787109375 0.586515625 0.53394140625 0.5111875
0 0.387818359375 0.425455078125 0.463462890625 0.510822265625 0.462724609375 0.39118359375 0.415123046875 0.3974609375
5 0.39003125 0.423611328125 0.46530859375 0.5034375 0.46309375 0.5732265625 0.38744921875 0.492728515625
0 0.317349609375 0.37215234375 0.23819140625 0.44999609375 0.23855078125 0.48619921875 0.267921875 0.48297265625 0.308396484375 0.44712890625 0.320931640625 0.410927734375
5 0.242490234375 0.392927734375 0.317708984375 0.306625 0.319857421875 0.378310546875 0.2421328125 0.4578828125
0 0.681046875 0.882486328125 0.68184765625 0.970044921875 0.6058203125 0.9703125
5 0.681314453125 0.8178984375 0.60288671875 0.90333984375 0.6058203125 0.97034375 0.6826484375 0.888390625
5 0.676513671875 0.886521484375 0.749873046875 0.8064375 0.754140625 0.878513671875 0.677845703125 0.95512890625
0 0.677580078125 0.951279296875 0.75307421875 0.871306640625 0.74560546875 0.92202734375 0.717861328125 0.953259765625 0.67811328125 0.970876953125
0 0.461064453125 0.884640625 0.460677734375 0.972103515625 0.542611328125 0.97094140625
5 0.461064453125 0.820486328125 0.45990625 0.8943671875 0.536814453125 0.972103515625 0.536041015625 0.89939453125
5 0.3907265625 0.8127578125 0.3891796875 0.8796875 0.465703125 0.961291015625 0.466861328125 0.890517578125
0 0.3891796875 0.87459375 0.467248046875 0.955103515625 0.46454296875 0.972505859375 0.4154609375 0.952783203125 0.3915 0.908693359375
0 0.237681640625 0.55923046875 0.32116015625 0.559271484375 0.3207734375 0.574740234375 0.23575 0.6602109375
5 0.317681640625 0.571982421875 0.31536328125 0.648607421875 0.241546875 0.737171875 0.24116015625 0.648220703125
0 0.637330078125 0.132349609375 0.56812890625 0.21612109375 0.56812890625 0.22784765625 0.641794921875 0.22673046875
5 0.63565625 0.07259375 0.568685546875 0.1463125 0.56812890625 0.224498046875 0.63900390625 0.14240234375