0 0.61075390625 0.020025390625 0.543169921875 0.02061328125 0.532044921875 0.0320234375 0.53232421875 0.121640625 0.55373828125 0.121083984375
5 0.604634765625 0.01946875 0.54678515625 0.121361328125 0.603244140625 0.11969140625 0.660259765625 0.021447265625
0 0.5326015625 0.134888671875 0.532044921875 0.22063671875 0.5437265625 0.232326171875 0.601576171875 0.23176953125 0.5465078125 0.134361328125
3 0.54400390625 0.13711328125 0.595734375 0.2328828125 0.65803515625 0.232326171875 0.601853515625 0.13491796875
0 0.5694453125 0.32109375 0.515126953125 0.43025 0.4861875 0.429802734375 0.4861875 0.334458984375 0.498208984375 0.3206484375
5 0.5641015625 0.3205625 0.50844921875 0.428912109375 0.556978515625 0.428466796875 0.616193359375 0.3206484375
0 0.4861875 0.42474609375 0.4884140625 0.534423828125 0.554306640625 0.423931640625
0 0.600611328125 0.42919921875 0.54762890625 0.518830078125 0.580130859375 0.517494140625 0.62999609375 0.431060546875
4 0.54807421875 0.42519140625 0.4884140625 0.532197265625 0.54540234375 0.531751953125 0.605953125 0.42749609375
5 0.62866015625 0.42786328125 0.5685546875 0.5304140625 0.62732421875 0.531306640625 0.690546875 0.42526953125
0 0.7209375 0.61736328125 0.78496484375 0.7210546875 0.696498046875 0.723009765625 0.696009765625 0.618341796875
5 0.720447265625 0.616875 0.77714453125 0.7235 0.83433203125 0.722033203125 0.773724609375 0.61980859375
0 0.4022578125 0.30010546875 0.40128125 0.331029296875 0.304015625 0.388744140625 0.3049921875 0.355484375
3 0.306458984375 0.379775390625 0.305482421875 0.44448046875 0.40665625 0.38480859375 0.404701171875 0.322203125
0 0.41521484375 0.8858828125 0.412923828125 0.923119140625 0.489458984375 0.998046875 0.503666015625 0.998046875 0.50458203125 0.972650390625
3 0.41521484375 0.91933984375 0.414298828125 0.985490234375 0.433546875 0.998046875 0.494958984375 0.998046875
0 0.263404296875 0.8843125 0.2670234375 0.988833984375 0.3587109375 0.887826171875
5 0.355091796875 0.8843125 0.358912109375 0.954025390625 0.31326953125 0.9968828125 0.26621875 0.997083984375 0.266017578125 0.974548828125