0 0.415734375 0.4194296875 0.41388671875 0.47262890625 0.500265625 0.56137890625 0.503037109375 0.49758984375
0 0.41388671875 0.23558203125 0.4125 0.29337890625 0.500265625 0.385828125 0.5035 0.322962890625
0 0.415271484375 0.077142578125 0.414810546875 0.117841796875 0.500265625 0.204744140625 0.500265625 0.164990234375
0 0.41434765625 0.000462890625 0.41434765625 0.0180703125 0.498880859375 0.10820703125 0.4998046875 0.068455078125 0.434671875 0
4 0.415734375 0.013857421875 0.415734375 0.08278515625 0.502576171875 0.17430859375 0.500728515625 0.1035859375
3 0.416658203125 0.113703125 0.414810546875 0.180265625 0.500728515625 0.271328125 0.499341796875 0.197369140625
3 0.415271484375 0.169064453125 0.41434765625 0.242173828125 0.5035 0.33 0.500728515625 0.258814453125
3 0.41434765625 0.287779296875 0.413423828125 0.3572109375 0.495185546875 0.449197265625 0.495185546875 0.375701171875
3 0.413423828125 0.34829296875 0.415271484375 0.426 0.500728515625 0.509666015625 0.495185546875 0.442640625
3 0.412962890625 0.47217578125 0.41434765625 0.569708984375 0.504884765625 0.645517578125 0.502576171875 0.555380859375
0 0.358 0.59031640625 0.263169921875 0.685763671875 0.263623046875 0.693029296875 0.33667578125 0.695298828125 0.361177734375 0.67940625
5 0.358 0.523615234375 0.263623046875 0.62310546875 0.264984375 0.6903046875 0.35981640625 0.594953125