0 0.917046875 0.388486328125 0.917046875 0.42580078125 0.998046875 0.50753125 0.997875 0.470689453125
0 0.91746875 0.484125 0.91577734375 0.521083984375 0.998046875 0.608240234375 0.997029296875 0.568009765625
0 0.9149296875 0.578919921875 0.91577734375 0.61840234375 0.997029296875 0.701828125 0.997029296875 0.66329296875
0 0.914083984375 0.735921875 0.91323828125 0.7940546875 0.997451171875 0.879927734375 0.99406640625 0.81640625
0 0.914083984375 0.9149296875 0.91196875 0.971783203125 0.947091796875 0.998046875 0.99660546875 0.998046875
3 0.9149296875 0.8489140625 0.915353515625 0.92266015625 0.997875 0.998046875 0.997875 0.935365234375
3 0.91366015625 0.787974609375 0.912814453125 0.856173828125 0.998046875 0.946375 0.99406640625 0.867607421875
3 0.9149296875 0.67159765625 0.91323828125 0.74410546875 0.998046875 0.82837890625 0.997451171875 0.750458984375
3 0.9149296875 0.61362109375 0.914083984375 0.678890625 0.996181640625 0.767396484375 0.9953359375 0.69032421875
4 0.916623046875 0.515865234375 0.91577734375 0.58788671875 0.998046875 0.671736328125 0.99406640625 0.59847265625
4 0.917892578125 0.41980078125 0.917046875 0.4893125 0.998046875 0.5740078125 0.9953359375 0.49778125
0 0.859212890625 0.38428515625 0.7643203125 0.38508984375 0.765265625 0.49162109375
5 0.852603515625 0.3838125 0.763376953125 0.48241015625 0.764556640625 0.54028125 0.860392578125 0.45335546875