0 0.44694921875 0.816220703125 0.492361328125 0.89046875 0.5023203125 0.8900703125 0.501921875 0.81791796875
0 0.460095703125 0.750494140625 0.5023203125 0.822302734375 0.503515625 0.778056640625 0.48957421875 0.752943359375
5 0.41229296875 0.752544921875 0.45292578125 0.8246953125 0.503515625 0.822703125 0.4652734375 0.75134765625
5 0.403927734375 0.817416015625 0.44575390625 0.889671875 0.497939453125 0.8900703125 0.455712890625 0.81831640625
0 0.500388671875 0.555146484375 0.45826953125 0.62559375 0.48185546875 0.63023046875 0.499125 0.615478515625 0.5041796875 0.593560546875
5 0.453634765625 0.5534609375 0.411515625 0.626015625 0.4650078125 0.626435546875 0.505443359375 0.55646875
0 0.451529296875 0.557671875 0.503337890625 0.558998046875 0.502916015625 0.490294921875 0.49196484375 0.48734375
5 0.4460546875 0.48733203125 0.403091796875 0.558998046875 0.459533203125 0.558576171875 0.497861328125 0.489451171875
0 0.450265625 0.294421875 0.49238671875 0.36275390625 0.50249609375 0.360646484375 0.50165234375 0.29362890625
5 0.40351171875 0.294892578125 0.444369140625 0.364439453125 0.49744140625 0.363595703125 0.456162109375 0.294892578125
0 0.49708984375 0.117681640625 0.45979296875 0.184322265625 0.48455078125 0.1852890625 0.503521484375 0.16726953125
5 0.4485390625 0.119931640625 0.41059765625 0.18625390625 0.465580078125 0.185931640625 0.500306640625 0.118685546875