0 0.129888671875 0.818458984375 0.130357421875 0.87185546875 0.1448671875 0.88778125 0.173654296875 0.887078125
5 0.130826171875 0.81982421875 0.16991015625 0.88871875 0.216013671875 0.888484375 0.17950390625 0.819396484375
0 0.14229296875 0.750548828125 0.1343359375 0.75198828125 0.128484375 0.76182421875 0.1291875 0.82248046875 0.18325 0.821779296875
5 0.140419921875 0.75031640625 0.17997265625 0.82365234375 0.2312265625 0.82294921875 0.1886328125 0.749646484375
0 0.130935546875 0.5556015625 0.130244140625 0.62232421875 0.13369921875 0.62578125 0.14164453125 0.62578125 0.184484375 0.553873046875
0 0.131626953125 0.556560546875 0.174119140625 0.487841796875 0.15097265625 0.488533203125 0.13128125 0.503744140625
5 0.178265625 0.554142578125 0.13784375 0.624052734375 0.19001171875 0.624744140625 0.231123046875 0.554564453125
5 0.220759765625 0.4895390625 0.183447265625 0.55905859375 0.12920703125 0.557330078125 0.169283203125 0.487150390625
0 0.12920703125 0.292962890625 0.12920703125 0.341759765625 0.137154296875 0.354205078125 0.15097265625 0.362501953125 0.174119140625 0.3631953125
5 0.130244140625 0.295087890625 0.169283203125 0.365615234375 0.220068359375 0.36388671875 0.181720703125 0.292322265625
0 0.144408203125 0.22905078125 0.134390625 0.228056640625 0.128517578125 0.231859375 0.128171875 0.296853515625 0.18379296875 0.296162109375
5 0.13991796875 0.229740234375 0.177228515625 0.29719921875 0.230431640625 0.29719921875 0.1893203125 0.226673828125
0 0.181029296875 0.03040234375 0.13991796875 0.102396484375 0.101224609375 0.07854296875 0.08533203125 0.04846484375 0.08533203125 0.0325625
5 0.176193359375 0.03109375 0.135771484375 0.103779296875 0.18862890625 0.1027421875 0.231123046875 0.030833984375
0 0.74640625 0.227685546875 0.789556640625 0.29941796875 0.9130390625 0.29712109375 0.850609375 0.2796640625 0.803328125 0.258994140625 0.766603515625 0.233728515625 0.755587890625 0.225458984375
5 0.699125 0.2272265625 0.740439453125 0.2980390625 0.79460546875 0.296201171875 0.752375 0.225
0 0.980978515625 0.1211875 0.948845703125 0.18694140625 0.911203125 0.186482421875 0.884119140625 0.16856640625 0.87998828125 0.145140625 0.89880859375 0.122171875 0.930943359375 0.102419921875 0.963994140625 0.09828515625
5 0.97684765625 0.12210546875 0.942876953125 0.186482421875 0.99566796875 0.185564453125 0.998046875 0.17545703125 0.998046875 0.12079296875