0 0.45087890625 0.86572265625 0.492306640625 0.937041015625 0.50394140625 0.937041015625 0.503373046875 0.8660546875
0 0.459958984375 0.799609375 0.50308984375 0.87203125 0.505076171875 0.83057421875 0.48975390625 0.79848828125
5 0.413708984375 0.799326171875 0.453716796875 0.870333984375 0.5045078125 0.870333984375 0.464216796875 0.7982109375
5 0.403494140625 0.866359375 0.44321875 0.935642578125 0.49684765625 0.93592578125 0.45598828125 0.8655078125
0 0.7041640625 0.822244140625 0.632162109375 0.82233203125 0.632162109375 0.89390234375 0.701763671875 0.89534375
5 0.701283203125 0.890404296875 0.631203125 0.89005859375 0.632162109375 0.93473046875 0.700802734375 0.93569140625
5 0.633603515625 0.7810234375 0.633603515625 0.82665625 0.701283203125 0.82665625 0.69984375 0.7810234375
0 0.5016015625 0.60576171875 0.46176171875 0.6750234375 0.48144140625 0.67550390625 0.5025625 0.655810546875
0 0.45072265625 0.6062421875 0.504001953125 0.6082578125 0.504962890625 0.54005078125 0.492962890625 0.5366875
5 0.4425625 0.537123046875 0.40128125 0.60777734375 0.45840234375 0.60921875 0.49776171875 0.5376484375
5 0.452162109375 0.602974609375 0.41376171875 0.672142578125 0.468482421875 0.67358203125 0.504962890625 0.605375
0 0.451681640625 0.34080078125 0.493921875 0.412943359375 0.504962890625 0.411984375 0.503521484375 0.343296875
0 0.46176171875 0.275521484375 0.503521484375 0.349541015625 0.503521484375 0.302466796875 0.49008203125 0.277009765625
5 0.412802734375 0.2736015625 0.456962890625 0.348099609375 0.505921875 0.350021484375 0.46704296875 0.274607421875
5 0.403681640625 0.34128125 0.444001953125 0.414384765625 0.49776171875 0.415345703125 0.4588828125 0.34185546875
0 0.50059765625 0.08011328125 0.460771484375 0.149689453125 0.480220703125 0.150615234375 0.50430078125 0.12976171875
0 0.4913359375 0.016671875 0.452435546875 0.08203125 0.501986328125 0.082494140625 0.501986328125 0.0190078125
5 0.4542890625 0.08011328125 0.414 0.151078125 0.464013671875 0.150615234375 0.50430078125 0.08203125
5 0.44363671875 0.014818359375 0.403349609375 0.0848125 0.458455078125 0.083421875 0.498744140625 0.014837890625