0 0.163572265625 0.179396484375 0.086349609375 0.2570234375 0.15655078125 0.2577265625 0.233072265625 0.18115234375
5 0.221138671875 0.17971875 0.143564453125 0.258076171875 0.2148203125 0.2570234375 0.290287109375 0.18044921875
5 0.10425 0.179044921875 0.0298359375 0.2577265625 0.0996875 0.2563203125 0.175857421875 0.18115234375
0 0.960451171875 0.8868125 0.88048828125 0.809169921875 0.937861328125 0.80283984375 0.9956875 0.86070703125 0.998046875 0.885119140625
0 0.89358984375 0.885908203125 0.964064453125 0.96106640625 0.998046875 0.95790234375 0.998046875 0.943888671875 0.94012109375 0.881048828125
5 0.814982421875 0.804140625 0.89178125 0.886474609375 0.966322265625 0.886021484375 0.887716796875 0.805552734375
5 0.939216796875 0.88319921875 0.998046875 0.9493125 0.996138671875 0.881953125
0 0.235560546875 0.880017578125 0.31316796875 0.95929296875 0.341716796875 0.95912109375 0.2622265625 0.87872265625
0 0.157609375 0.80343359375 0.24017578125 0.885052734375 0.266330078125 0.88385546875 0.186841796875 0.802599609375
5 0.182568359375 0.80343359375 0.26103125 0.883341796875 0.32684375 0.882828125 0.24462109375 0.80174609375
5 0.2567578125 0.88104296875 0.337271484375 0.9599765625 0.4029140625 0.95912109375 0.321544921875 0.87872265625
5 0.1606875 0.8789921875 0.2406875 0.95946484375 0.320177734375 0.961173828125 0.240517578125 0.87718359375
5 0.162916015625 0.80252734375 0.24495703125 0.882724609375 0.164470703125 0.883501953125 0.087291015625 0.804322265625