0 0.124689453125 0.7060546875 0.07666015625 0.6210234375 0.117916015625 0.62071484375 0.1659453125 0.704513671875
5 0.075736328125 0.705033203125 0.0286328125 0.6225625 0.082509765625 0.621947265625 0.130845703125 0.704513671875
5 0.159787109375 0.704109375 0.11206640625 0.62040625 0.164404296875 0.621638671875 0.2136640625 0.7038984375
0 0.030375 0.432009765625 0 0.489119140625 0 0.534150390625 0.021375 0.533400390625 0.077626953125 0.431703125
5 0.072001953125 0.430509765625 0.015375 0.5311484375 0.070501953125 0.532275390625 0.12750390625 0.429076171875
0 0.057376953125 0.414759765625 0.111751953125 0.318080078125 0.14775390625 0.31995703125 0.096376953125 0.412271484375
5 0.00975 0.412271484375 0.061876953125 0.32108203125 0.117001953125 0.319205078125 0.063751953125 0.4133984375
5 0.093751953125 0.411896484375 0.14325390625 0.32033203125 0.19612890625 0.32108203125 0.13987890625 0.41977734375
0 0.045751953125 0.135048828125 0.102751953125 0.234119140625 0.14400390625 0.233744140625 0.088876953125 0.133548828125
5 0.001875 0.13800390625 0.054376953125 0.232619140625 0.106876953125 0.233744140625 0.052501953125 0.134298828125
5 0.083251953125 0.13162890625 0.13837890625 0.23487109375 0.19200390625 0.232994140625 0.13575390625 0.134298828125
0 0.0488125 0.11762109375 0.104046875 0.02121484375 0.1438671875 0.021537109375 0.09023828125 0.119228515625
5 0.08413671875 0.118498046875 0.139693359375 0.020572265625 0.192359375 0.021537109375 0.138408203125 0.118265625
5 0.002248046875 0.116015625 0.049455078125 0.02121484375 0.109505859375 0.021537109375 0.05234375 0.120193359375