0 0.216484375 0.34852734375 0.312541015625 0.34948046875 0.314525390625 0.4441875 0.30319140625 0.4441875 0.2133671875 0.361673828125
5 0.21591796875 0.30432421875 0.309708984375 0.3046796875 0.30942578125 0.35515234375 0.2153515625 0.3545859375
5 0.306591796875 0.35589453125 0.306875 0.448158203125 0.3522109375 0.44758984375 0.353345703125 0.353451171875
0 0.5185 0.222673828125 0.51890234375 0.246095703125 0.6153671875 0.230208984375 0.6153671875 0.22337109375
0 0.524328125 0.222919921875 0.523322265625 0.244236328125 0.498 0.243029296875 0.429470703125 0.23156640625 0.42926953125 0.22151171875
0 0.825580078125 0.2234765625 0.825580078125 0.243080078125 0.8643671875 0.2424765625 0.921240234375 0.230611328125 0.92184375 0.224779296875
0 0.833216796875 0.223076171875 0.83341796875 0.244888671875 0.789205078125 0.24328125 0.736349609375 0.230208984375 0.736349609375 0.223572265625
5 0.824775390625 0.182078125 0.82537890625 0.227388671875 0.92184375 0.228796875 0.92144140625 0.182341796875
5 0.83341796875 0.182341796875 0.833619140625 0.228193359375 0.735947265625 0.22758984375 0.7361484375 0.181939453125
5 0.51890234375 0.182078125 0.518701171875 0.22758203125 0.615568359375 0.227783203125 0.615767578125 0.181529296875
5 0.5249296875 0.182078125 0.52473046875 0.228587890625 0.426857421875 0.2273828125 0.42665625 0.181126953125