0 0.27112890625 0.212400390625 0.229529296875 0.2908125 0.2716171875 0.291791015625 0.30930078125 0.21490234375
0 0.3582421875 0.21484765625 0.322025390625 0.292771484375 0.366072265625 0.292771484375 0.400330078125 0.213921875
5 0.3978828125 0.212400390625 0.36313671875 0.293259765625 0.41648046875 0.295708984375 0.44926953125 0.214412109375
6 0.304408203125 0.211962890625 0.265744140625 0.291791015625 0.3278984375 0.29130078125 0.363625 0.21343359375
5 0.219740234375 0.210931640625 0.178142578125 0.29473046875 0.239806640625 0.29228125 0.277490234375 0.21343359375
0 0.486318359375 0.78205859375 0.53104296875 0.857166015625 0.520248046875 0.8715703125 0.4282265625 0.8710546875 0.426685546875 0.780515625
5 0.4806640625 0.786025390625 0.524359375 0.858193359375 0.5737109375 0.852021484375 0.5320703125 0.778970703125
0 0.8441171875 0.76340625 0.895009765625 0.853015625 0.9114609375 0.853015625 0.9582421875 0.79385546875 0.9582421875 0.759388671875
3 0.8101875 0.78551171875 0.848228515625 0.850443359375 0.902720703125 0.8494140625 0.86725 0.7820234375
5 0.42433984375 0.866796875 0.4247421875 0.914806640625 0.500833984375 0.914 0.500431640625 0.867669921875
0 0.672744140625 0.96503125 0.65261328125 0.998046875 0.6022890625 0.998046875 0.60349609375 0.982087890625 0.63973046875 0.9635546875
5 0.666705078125 0.962615234375 0.648587890625 0.998046875 0.703341796875 0.997798828125 0.71823828125 0.964361328125