0 0.494966796875 0.034408203125 0.450611328125 0.109939453125 0.503673828125 0.109111328125 0.503673828125 0.0406640625
0 0.49952734375 0.106123046875 0.460560546875 0.1758984375 0.484189453125 0.176314453125 0.504501953125 0.1547421875
0 0.460146484375 0.297228515625 0.501599609375 0.369880859375 0.504087890625 0.327982421875 0.49330859375 0.299775390625
0 0.451025390625 0.36863671875 0.490408203125 0.437498046875 0.504501953125 0.43625390625 0.504501953125 0.367392578125
0 0.49289453125 0.560880859375 0.451025390625 0.630650390625 0.5492734375 0.631064453125 0.5360078125 0.582943359375
0 0.502015625 0.627623046875 0.460974609375 0.69992578125 0.4962109375 0.69951171875 0.53351953125 0.680013671875 0.5501015625 0.628990234375
0 0.376408203125 0.812095703125 0.423251953125 0.885203125 0.30427734375 0.88312890625 0.259091796875 0.81094921875
0 0.6500078125 0.88837109375 0.6039921875 0.813431640625 0.611869140625 0.796423828125 0.705970703125 0.79725390625 0.708458984375 0.88644140625
0 0.63301171875 0.3216875 0.63301171875 0.3943046875 0.70099609375 0.397208984375 0.699337890625 0.32087890625
5 0.63301953125 0.28082421875 0.633537109375 0.3264453125 0.70335546875 0.32489453125 0.7018046875 0.282974609375
5 0.63301953125 0.389431640625 0.63301953125 0.436138671875 0.7018046875 0.435103515625 0.698701171875 0.390595703125
5 0.443216796875 0.038787109375 0.40029296875 0.10872265625 0.4566640625 0.109240234375 0.501140625 0.035751953125
5 0.45252734375 0.10550390625 0.413220703125 0.174966796875 0.4670078125 0.173931640625 0.50476171875 0.105619140625
5 0.412705078125 0.299544921875 0.453560546875 0.370962890625 0.504244140625 0.3699296875 0.464939453125 0.299544921875
5 0.402361328125 0.3625390625 0.44528515625 0.435654296875 0.49596875 0.435654296875 0.4566640625 0.36371875
5 0.445802734375 0.56009765625 0.4044296875 0.6305546875 0.460283203125 0.62951953125 0.497521484375 0.5627578125
5 0.450974609375 0.62784765625 0.414255859375 0.697833984375 0.46855859375 0.6983515625 0.505794921875 0.629001953125
5 0.558546875 0.812478515625 0.599919921875 0.88865234375 0.65112109375 0.88865234375 0.607677734375 0.808435546875
5 0.369779296875 0.81299609375 0.41632421875 0.88865234375 0.467525390625 0.888134765625 0.423046875 0.8110234375
5 0.216177734375 0.8105 0.261171875 0.888646484375 0.3154765625 0.88812890625 0.270482421875 0.81153515625