0 0.167275390625 0.86675 0.34453515625 0.867291015625 0.38739453125 0.937662109375 0.332052734375 0.921837890625 0.257986328125 0.891025390625
5 0.340375 0.86675 0.38115234375 0.935580078125 0.43275 0.936828125 0.39197265625 0.865625
0 0.95038671875 0.864251953125 0.9924140625 0.9376640625 0.998046875 0.935166015625 0.99740625 0.867294921875
0 0.99740625 0.86758203125 0.959541015625 0.798173828125 0.989083984375 0.79858984375 0.998046875 0.8131640625
5 0.902951171875 0.86758203125 0.94248046875 0.936416015625 0.995326171875 0.939330078125 0.9607890625 0.864796875
5 0.952466796875 0.86758203125 0.9129375 0.799421875 0.963701171875 0.799421875 0.998046875 0.8606328125
0 0.99740625 0.61001171875 0.960373046875 0.672146484375 0.982427734375 0.67464453125 0.997822265625 0.66506640625
0 0.99324609375 0.53806640625 0.951634765625 0.608853515625 0.998046875 0.608853515625
5 0.954130859375 0.6046015625 0.9129375 0.6754765625 0.965783203125 0.67339453125 0.998046875 0.615515625 0.998046875 0.604689453125
5 0.945392578125 0.537193359375 0.90253515625 0.61051953125 0.958708984375 0.609271484375 0.997822265625 0.53806640625
5 0.90586328125 0.343703125 0.942896484375 0.4124765625 0.996158203125 0.41330859375 0.960373046875 0.3429375
5 0.915849609375 0.2758984375 0.954130859375 0.3483515625 0.998046875 0.347935546875 0.998046875 0.333361328125 0.9653671875 0.274232421875
0 0.952466796875 0.341623046875 0.991998046875 0.41455859375 0.998046875 0.412892578125 0.997822265625 0.343771484375
0 0.96162109375 0.275046875 0.998046875 0.344603515625 0.99740625 0.285892578125 0.981177734375 0.276314453125
0 0.998046875 0.08363671875 0.960373046875 0.150306640625 0.9732734375 0.151138671875 0.998046875 0.134900390625
0 0.996990234375 0.016228515625 0.989916015625 0.017515625 0.952466796875 0.082056640625 0.998046875 0.08372265625
5 0.9416484375 0.013732421875 0.90253515625 0.084970703125 0.96328515625 0.082888671875 0.99657421875 0.01543359375
5 0.95371484375 0.08030859375 0.912521484375 0.15201171875 0.967447265625 0.150345703125 0.998046875 0.07830859375