0 0.371873046875 0.29541015625 0.470943359375 0.2970859375 0.469267578125 0.286548828125 0.453234375 0.271462890625 0.371154296875 0.270744140625
0 0.38048828125 0.29625390625 0.282853515625 0.294212890625 0.282853515625 0.282 0.2972109375 0.270265625 0.38048828125 0.26930859375
0 0.674587890625 0.29517578125 0.771505859375 0.2990078125 0.771505859375 0.283681640625 0.752599609375 0.268833984375 0.675306640625 0.269552734375
0 0.68224609375 0.295654296875 0.586525390625 0.293259765625 0.586525390625 0.278173828125 0.59992578125 0.27003125 0.683443359375 0.27003125
0 0.9849609375 0.294818359375 0.88493359375 0.29278125 0.886609375 0.280806640625 0.9052734375 0.26907421875 0.9849609375 0.26907421875
0 0.975388671875 0.294935546875 0.998046875 0.294935546875 0.998046875 0.267875 0.97299609375 0.268115234375
5 0.978259765625 0.290990234375 0.976107421875 0.341392578125 0.998046875 0.34043359375 0.998046875 0.28894921875
5 0.98328515625 0.28823046875 0.982806640625 0.341392578125 0.8885234375 0.33780078125 0.88876171875 0.288470703125
5 0.674828125 0.290033203125 0.674587890625 0.341623046875 0.770787109375 0.3442578125 0.770787109375 0.293251953125
5 0.680091796875 0.290033203125 0.68033203125 0.339228515625 0.5841328125 0.339228515625 0.58580859375 0.287744140625
5 0.373787109375 0.29146875 0.371873046875 0.341859375 0.46783203125 0.34425390625 0.4695078125 0.292529296875
5 0.2842890625 0.28716015625 0.283091796875 0.338251953125 0.3788125 0.34184375 0.37976953125 0.288921875