0 0.66176953125 0.330642578125 0.66176953125 0.416310546875 0.666603515625 0.430337890625 0.677720703125 0.433240234375 0.735728515625 0.433724609375 0.676271484375 0.332625
0 0.51481640625 0.3354765625 0.570890625 0.43420703125 0.589259765625 0.432755859375 0.597478515625 0.42259765625 0.597478515625 0.333591796875
5 0.6714375 0.334509765625 0.7294453125 0.43469140625 0.7835859375 0.43469140625 0.727994140625 0.334076171875
5 0.4669609375 0.334994140625 0.524001953125 0.43420703125 0.57669140625 0.433724609375 0.517234375 0.332140625
0 0.032548828125 0.63537890625 0.032208984375 0.720578125 0.0433984375 0.732453125 0.101375 0.73279296875 0.04814453125 0.635080078125
3 0.047466796875 0.63368359375 0.09662890625 0.731775390625 0.156640625 0.73279296875 0.1020546875 0.634400390625
0 0.1117109375 0.52108203125 0.054482421875 0.624623046875 0.032962890625 0.623705078125 0.032505859375 0.52978515625 0.04441015625 0.51970703125
5 0.106216796875 0.51963671875 0.048072265625 0.62095703125 0.103927734375 0.61958203125 0.162072265625 0.52108203125
0 0.099021484375 0.9299140625 0.0584453125 0.998046875 0.08934375 0.998046875 0.12917578125 0.930017578125
0 0.051373046875 0.92741015625 0.009306640625 0.998046875 0 0.998046875 0 0.929271484375
6 0.045416015625 0.9258203125 0.004095703125 0.998046875 0.06216796875 0.998046875 0.104978515625 0.9288984375
5 0.12805859375 0.92619140625 0.083015625 0.998046875 0.1455546875 0.998046875 0.190970703125 0.926291015625
0 0.070544921875 0.820984375 0.01487109375 0.92749609375 0 0.927876953125 0 0.821033203125
5 0.065587890625 0.81983984375 0.00915234375 0.92978515625 0.056435546875 0.929021484375 0.11668359375 0.822177734375