0 0.27784765625 0.330068359375 0.27784765625 0.423484375 0.28940625 0.435849609375 0.34162890625 0.435451171875
5 0.28103515625 0.33525 0.3364453125 0.435451171875 0.388267578125 0.43425390625 0.331662109375 0.33412890625
0 0.1263671875 0.331736328125 0.18456640625 0.435451171875 0.203701171875 0.432658203125 0.210478515625 0.409521484375 0.208484375 0.33333203125
0 0.0478359375 0.3348515625 0.10523828125 0.434251953125 0.1455 0.43544921875 0.08889453125 0.3321328125
6 0.084111328125 0.331662109375 0.143109375 0.43624609375 0.188154296875 0.433455078125 0.130353515625 0.3321328125
5 0.004384765625 0.338041015625 0.05740234375 0.433853515625 0.108826171875 0.433853515625 0.052619140625 0.3329296875
0 0.046640625 0.633427734375 0.10483984375 0.734826171875 0.143109375 0.732830078125 0.08610546875 0.633501953125
5 0.082916015625 0.63183203125 0.138724609375 0.732830078125 0.190546875 0.73362890625 0.13433984375 0.63390234375
5 0.0011953125 0.636216796875 0.05541015625 0.73323046875 0.108029296875 0.732431640625 0.051822265625 0.635896484375
0 0.058599609375 0.915658203125 0.094875 0.915775390625 0.148291015625 0.822033203125 0.112015625 0.821234375
5 0.144703125 0.818841796875 0.08610546875 0.9193671875 0.138724609375 0.9201640625 0.19772265625 0.8208359375
5 0.0657734375 0.819587890625 0.00717578125 0.914181640625 0.064578125 0.914181640625 0.116798828125 0.8208359375