0 0.48339453125 0.11978125 0.448373046875 0.186935546875 0.4049609375 0.184837890625 0.383361328125 0.167419921875 0.381263671875 0.142865234375 0.402025390625 0.119990234375 0.446484375 0.09921484375 0.464521484375 0.098583984375
5 0.477103515625 0.1210390625 0.442291015625 0.1867265625 0.49430078125 0.186306640625 0.528484375 0.12208984375
0 0.993294921875 0.122435546875 0.95818359375 0.1861640625 0.98219140625 0.18646484375 0.998046875 0.172650390625 0.998046875 0.121900390625
5 0.947982421875 0.119798828125 0.910470703125 0.184662109375 0.964486328125 0.185564453125 0.998046875 0.12069921875
0 0.950982421875 0.29498828125 0.994794921875 0.364701171875 0.998046875 0.362900390625 0.998046875 0.296234375
5 0.90476953125 0.2946875 0.944380859375 0.364701171875 0.996294921875 0.36440234375 0.956984375 0.2941328125
0 0.246072265625 0.225966796875 0.287185546875 0.297478515625 0.411421875 0.297177734375 0.359505859375 0.2821640625 0.2967890625 0.25303515625 0.255076171875 0.224806640625
5 0.19955859375 0.2268671875 0.24037109375 0.29748046875 0.2967890625 0.295376953125 0.25267578125 0.225708984375
0 0.998046875 0.5603515625 0.9578125 0.627228515625 0.9837890625 0.626056640625 0.998046875 0.6117890625
5 0.951953125 0.5533203125 0.911328125 0.626251953125 0.9623046875 0.627033203125 0.998046875 0.56233984375 0.998046875 0.55471875
0 0.9513671875 0.5583984375 0.998046875 0.55847265625 0.998046875 0.489478515625 0.9921875 0.489478515625
5 0.9431640625 0.4900390625 0.903125 0.55905859375 0.9578125 0.55964453125 0.9953125 0.488697265625
0 0.951498046875 0.818224609375 0.991412109375 0.88942578125 0.998046875 0.888279296875 0.998046875 0.819185546875
5 0.903556640625 0.81868359375 0.944388671875 0.890115234375 0.9966875 0.88965625 0.958150390625 0.818037109375
5 0.91319140625 0.753078125 0.954251953125 0.822203125 0.998046875 0.82128515625 0.998046875 0.814857421875 0.96434375 0.75219140625
0 0.961591796875 0.752650390625 0.998046875 0.81830078125 0.998046875 0.7675703125 0.984990234375 0.751501953125