0 0.16230859375 0.33170703125 0.1619140625 0.416916015625 0.17255078125 0.43465625 0.235189453125 0.43465625 0.176095703125 0.331763671875
5 0.171369140625 0.33367578125 0.231642578125 0.4354453125 0.282857421875 0.43505078125 0.223763671875 0.332552734375
0 0.547986328125 0.335646484375 0.606291015625 0.4358359375 0.645685546875 0.433865234375 0.59092578125 0.335310546875
0 0.62559375 0.33446484375 0.6838984375 0.43623046875 0.703595703125 0.433076171875 0.709111328125 0.4169140625 0.709505859375 0.3329453125
6 0.583046875 0.335251953125 0.64174609375 0.435048828125 0.68626171875 0.43268359375 0.631109375 0.334521484375
5 0.50110546875 0.335646484375 0.557833984375 0.43623046875 0.61023046875 0.433470703125 0.553107421875 0.335310546875
0 0.778052734375 0.3286171875 0.777265625 0.421654296875 0.78790234375 0.433087890625 0.842267578125 0.43348046875
5 0.78159765625 0.33722265625 0.836751953125 0.43584765625 0.88875390625 0.433087890625 0.831630859375 0.3353203125
0 0.014548828125 0.334228515625 0.0710859375 0.43535546875 0.092703125 0.431611328125 0.09769140625 0.416220703125 0.0985234375 0.333021484375
5 0.01870703125 0.33256640625 0.07690625 0.4345234375 0.0236953125 0.43369140625 0 0.392923828125 0.00083203125 0.333021484375
0 0.54470703125 0.633443359375 0.60294140625 0.730626953125 0.64216015625 0.733005859375 0.587490234375 0.634693359375
5 0.49875390625 0.63350390625 0.55540234375 0.735384765625 0.60690234375 0.733005859375 0.551837890625 0.633107421875
5 0.58233984375 0.632255859375 0.63938671875 0.733798828125 0.687716796875 0.732212890625 0.63383984375 0.63350390625
0 0.61086328125 0.82201171875 0.555798828125 0.918009765625 0.591453125 0.9199921875 0.6469140625 0.8216796875
5 0.64334765625 0.82088671875 0.58511328125 0.918009765625 0.638990234375 0.91761328125 0.695244140625 0.822076171875
5 0.56213671875 0.819634765625 0.50944921875 0.91523046875 0.561740234375 0.9160234375 0.616013671875 0.819296875