0 0.451287109375 0.84116796875 0.492083984375 0.91241015625 0.503439453125 0.911146484375 0.50428125 0.838755859375
0 0.463484375 0.775556640625 0.502177734375 0.8484375 0.503439453125 0.7987734375 0.49250390625 0.77773046875
0 0.502177734375 0.58166796875 0.458015625 0.65497265625 0.478205078125 0.65497265625 0.503439453125 0.62887890625
0 0.4504453125 0.58166796875 0.5013359375 0.583423828125 0.50259765625 0.519029296875 0.493345703125 0.515662109375
0 0.44918359375 0.31922265625 0.491662109375 0.389525390625 0.500916015625 0.389525390625 0.502177734375 0.3175546875
0 0.4605390625 0.251509765625 0.50007421875 0.32396484375 0.504701171875 0.273880859375 0.488298828125 0.254099609375
0 0.500916015625 0.056779296875 0.4584375 0.127552734375 0.482830078125 0.128814453125 0.4988125 0.117451171875 0.5013359375 0.101037109375
0 0.484091796875 0.001681640625 0.450025390625 0.0610546875 0.503859375 0.061474609375 0.50301953125 0
5 0.438248046875 0.000419921875 0.4046015625 0.058529296875 0.4584375 0.05894921875 0.49250390625 0.0017109375
5 0.455072265625 0.054255859375 0.41091015625 0.12797265625 0.46726953125 0.1262890625 0.505962890625 0.054740234375
5 0.41259375 0.2523515625 0.45423046875 0.323109375 0.50301953125 0.322267578125 0.46474609375 0.251138671875
5 0.40333984375 0.3179609375 0.443716796875 0.39044921875 0.4962890625 0.389185546875 0.457595703125 0.31805859375
5 0.446240234375 0.51521484375 0.40586328125 0.58218359375 0.46180078125 0.58260546875 0.498392578125 0.515265625
5 0.45212890625 0.57881640625 0.413013671875 0.6499453125 0.468109375 0.650365234375 0.505962890625 0.5805
5 0.414275390625 0.7764609375 0.453810546875 0.848009765625 0.504701171875 0.847587890625 0.46684765625 0.77309375
5 0.40333984375 0.840328125 0.44666015625 0.91324609375 0.4988125 0.9115625 0.45717578125 0.84085546875