3 0.81038671875 0.282728515625 0.8462578125 0.349943359375 0.902572265625 0.349556640625 0.86554296875 0.280853515625
0 0.843556640625 0.26228515625 0.891 0.3511015625 0.9149140625 0.350330078125 0.94538671875 0.321767578125 0.9585 0.264640625
0 0.485615234375 0.2835 0.528427734375 0.35688671875 0.518400390625 0.372712890625 0.430072265625 0.36923828125 0.43045703125 0.282779296875
5 0.48330078125 0.285814453125 0.521099609375 0.3534140625 0.57471484375 0.350326171875 0.534599609375 0.282392578125
5 0.431228515625 0.36565625 0.43084375 0.415556640625 0.50104296875 0.4143984375 0.500271484375 0.365765625
0 0.672685546875 0.463302734375 0.634115234375 0.53355078125 0.58512890625 0.53355078125 0.58628515625 0.508076171875 0.621771484375 0.4683203125
0 0.681943359375 0.5293046875 0.639900390625 0.60225390625 0.609427734375 0.584884765625 0.58512890625 0.554779296875 0.584357421875 0.53277734375
5 0.66612890625 0.462470703125 0.627943359375 0.532005859375 0.681556640625 0.532392578125 0.718970703125 0.464845703125
5 0.675 0.52688671875 0.635658203125 0.60032421875 0.690814453125 0.60109765625 0.729771484375 0.5293046875
0 0.6302578125 0.728677734375 0.629099609375 0.7973828125 0.685029296875 0.796611328125 0.64337109375 0.72829296875
0 0.629486328125 0.7934140625 0.627171875 0.843701171875 0.64645703125 0.863 0.674228515625 0.863
5 0.629099609375 0.79380078125 0.6707578125 0.86531640625 0.720900390625 0.86454296875 0.681556640625 0.792365234375
5 0.638357421875 0.72745703125 0.67538671875 0.7973828125 0.7320859375 0.79776953125 0.689271484375 0.72443359375