0 0.47852734375 0.030517578125 0.47933984375 0.134765625 0.491546875 0.133951171875 0.548107421875 0.0301171875
5 0.54159765625 0.030931640625 0.48341015625 0.13354296875 0.538341796875 0.132322265625 0.59449609375 0.030931640625
5 0.437427734375 0.029296875 0.437427734375 0.131921875 0.48381640625 0.133142578125 0.48381640625 0.028087890625
0 0.50782421875 0.219732421875 0.57496484375 0.326060546875 0.487478515625 0.326466796875 0.48869921875 0.227927734375
5 0.504568359375 0.220953125 0.564384765625 0.324837890625 0.61565625 0.319951171875 0.557060546875 0.220189453125
0 0.487884765625 0.328482421875 0.490326171875 0.417658203125 0.500091796875 0.4339453125 0.5538046875 0.4339453125
5 0.490326171875 0.333259765625 0.545666015625 0.43231640625 0.60426171875 0.433130859375 0.54607421875 0.33092578125
0 0.297857421875 0.15218359375 0.408537109375 0.213349609375 0.408130859375 0.1392421875 0.297451171875 0.133541015625
5 0.297857421875 0.144859375 0.298671875 0.201134765625 0.403654296875 0.25976953125 0.403248046875 0.20235546875
0 0.299486328125 0.330818359375 0.405689453125 0.39151953125 0.40691015625 0.40984375 0.298265625 0.40984375
4 0.297451171875 0.405771484375 0.298671875 0.45911328125 0.403654296875 0.457892578125 0.40243359375 0.4065859375
0 0.30070703125 0.452890625 0.301521484375 0.481509765625 0.402841796875 0.47947265625 0.40243359375 0.4538203125
0 0.5444453125 0.632337890625 0.602634765625 0.732578125 0.54648046875 0.731357421875 0.533052734375 0.71751171875 0.533052734375 0.632001953125
3 0.54200390625 0.634373046875 0.59897265625 0.735427734375 0.6591953125 0.73420703125 0.6018203125 0.6348515625
0 0.6119921875 0.519216796875 0.552990234375 0.6300546875 0.53183203125 0.632091796875 0.533052734375 0.531107421875 0.544853515625 0.519298828125
5 0.60914453125 0.518892578125 0.547294921875 0.620689453125 0.60385546875 0.618654296875 0.661228515625 0.520927734375
0 0.569673828125 0.82073828125 0.5155546875 0.9303125 0.4858515625 0.9303125 0.485443359375 0.8321796875 0.5005 0.8191484375
5 0.564791015625 0.819517578125 0.50782421875 0.92908984375 0.55828125 0.929904296875 0.619318359375 0.8191484375
0 0.603041015625 0.928568359375 0.557466796875 0.998046875 0.5916484375 0.998046875 0.632337890625 0.928275390625
0 0.55095703125 0.928162109375 0.509451171875 0.998046875 0.4862578125 0.998046875 0.4866640625 0.9274609375
6 0.54688671875 0.922873046875 0.504568359375 0.998046875 0.5635703125 0.99790625 0.607109375 0.92908984375
0 0.304369140625 0.853291015625 0.30518359375 0.88556640625 0.40446875 0.829373046875 0.40446875 0.79761328125
3 0.303962890625 0.87851953125 0.3035546875 0.944201171875 0.405689453125 0.886380859375 0.40446875 0.825302734375
0 0.07580078125 0.5043828125 0.156845703125 0.506423828125 0.155890625 0.438681640625 0.07866015625 0.437728515625
5 0.07532421875 0.500091796875 0.073892578125 0.546498046875 0.1549375 0.549359375 0.1554140625 0.5030859375
0 0.4055703125 0.032490234375 0.40753125 0.213380859375 0.35767578125 0.18451171875 0.356275390625 0.0317578125
5 0.400529296875 0.03025 0.40025 0.1312578125 0.449544921875 0.1315390625 0.447865234375 0.02811328125
0 0.08791796875 0.294646484375 0.08791796875 0.27166015625 0.00665234375 0.272134765625 0 0.27546484375 0 0.29234765625
5 0.08696875 0.2879921875 0.085779296875 0.340853515625 0 0.337763671875 0 0.289017578125
5 0.3034375 0.2843671875 0.299791015625 0.335775390625 0.402994140625 0.395271484375 0.403833984375 0.341109375