0 0.134302734375 0.840953125 0.176021484375 0.911728515625 0.14784375 0.912826171875 0.134669921875 0.901474609375 0.131376953125 0.883529296875
0 0.13283984375 0.844978515625 0.1873671875 0.842880859375 0.14455078125 0.773669921875 0.133205078125 0.777697265625 0.133205078125 0.790880859375
5 0.140158203125 0.774349609375 0.1804140625 0.8454453125 0.22981640625 0.844345703125 0.1895625 0.773669921875
5 0.133205078125 0.843880859375 0.171265625 0.91099609375 0.221033203125 0.910263671875 0.182974609375 0.841783203125
0 0.182974609375 0.5778359375 0.146380859375 0.647107421875 0.13540234375 0.6493046875 0.129546875 0.642712890625 0.13027734375 0.577896484375
0 0.132107421875 0.580826171875 0.17419140625 0.512345703125 0.1526015625 0.5127109375 0.1361328125 0.5218671875 0.12844921875 0.53761328125
5 0.13027734375 0.581494140625 0.180779296875 0.581923828125 0.22066796875 0.5127109375 0.169435546875 0.512345703125
5 0.1778515625 0.578201171875 0.139060546875 0.6493046875 0.192123046875 0.648939453125 0.2309140625 0.5797265625
0 0.133572265625 0.3187421875 0.17455859375 0.38874609375 0.15369921875 0.38874609375 0.136865234375 0.38288671875 0.131376953125 0.3726328125
5 0.132107421875 0.3209375 0.170166015625 0.388013671875 0.2195703125 0.388013671875 0.18151171875 0.319900390625
0 0.140525390625 0.249955078125 0.184439453125 0.322830078125 0.131376953125 0.32246484375 0.13064453125 0.25801171875
5 0.140158203125 0.252884765625 0.18114453125 0.3239296875 0.231646484375 0.322830078125 0.1895625 0.24958984375
0 0.1822421875 0.055990234375 0.14418359375 0.121615234375 0.13503515625 0.126376953125 0.129546875 0.117953125 0.129912109375 0.056431640625
5 0.1778515625 0.053794921875 0.137962890625 0.126009765625 0.189927734375 0.12527734375 0.22981640625 0.054234375
0 0.168337890625 0.0021953125 0.1339375 0.0597265625 0.129546875 0.01212109375 0.13283984375 0.002599609375
5 0.162482421875 0.0021953125 0.1291796875 0.05862890625 0.18151171875 0.058994140625 0.2148125 0.001134765625