0 0.113658203125 0.284865234375 0.151783203125 0.350640625 0.123728515625 0.3496796875 0.08728125 0.32424609375 0.067619140625 0.28633203125
3 0.10646484375 0.284865234375 0.142912109375 0.35016015625 0.1997421875 0.349439453125 0.161615234375 0.2844140625
0 0.43473046875 0.282466796875 0.472376953125 0.350638671875 0.570208984375 0.329763671875 0.550787109375 0.28057421875
5 0.389890625 0.284865234375 0.426337890625 0.349919921875 0.477892578125 0.35016015625 0.438568359375 0.282732421875
0 0.668095703125 0.37807421875 0.627505859375 0.450177734375 0.54403515625 0.4485390625 0.53748828125 0.413490234375 0.64125390625 0.37844140625
5 0.66416796875 0.37807421875 0.62455859375 0.445919921875 0.677916015625 0.445919921875 0.713921875 0.37844140625
0 0.990521484375 0.378728515625 0.953861328125 0.44265234375 0.998046875 0.44330859375 0.998046875 0.379759765625
5 0.942076171875 0.379056640625 0.90443359375 0.4446171875 0.960080078125 0.443962890625 0.993794921875 0.37844921875
0 0.995431640625 0.620673828125 0.9577890625 0.68553125 0.986921875 0.685857421875 0.998046875 0.670791015625
5 0.948294921875 0.6199765625 0.911306640625 0.686841796875 0.964990234375 0.685857421875 0.998046875 0.621
0 0.48216796875 0.622267578125 0.447142578125 0.687177734375 0.3993515625 0.682591796875 0.380693359375 0.664576171875 0.38101953125 0.639681640625 0.420955078125 0.60659765625 0.45892578125 0.598736328125
5 0.4775859375 0.6199765625 0.43994140625 0.686849609375 0.495916015625 0.685212890625 0.531595703125 0.620681640625
0 0.2473046875 0.728341796875 0.288744140625 0.799365234375 0.421873046875 0.79539453125 0.3341484375 0.774220703125 0.27728125 0.742017578125 0.25700390625 0.7274609375
5 0.20013671875 0.726044921875 0.23937109375 0.79716015625 0.294033203125 0.798041015625 0.252595703125 0.72701953125
0 0.953955078125 0.798912109375 0.9962734375 0.86640625 0.998046875 0.858025390625 0.998037109375 0.79494140625
5 0.90369921875 0.795255859375 0.943375 0.863318359375 0.995833984375 0.861994140625 0.957921875 0.7953828125