0 0.142615234375 0.7994296875 0.18614453125 0.86898046875 0.130830078125 0.8685 0.131310546875 0.80231640625
5 0.1390078125 0.800392578125 0.179890625 0.869703125 0.2311171875 0.86898046875 0.190232421875 0.79678125
0 0.183740234375 0.60340625 0.141892578125 0.673951171875 0.130109375 0.67298828125 0.12938671875 0.604158203125
5 0.17844921875 0.60391796875 0.138044921875 0.673228515625 0.19047265625 0.673228515625 0.227990234375 0.602232421875
0 0.17267578125 0.536548828125 0.1322734375 0.6087890625 0.127703125 0.56137890625 0.14044921875 0.541162109375 0.15271484375 0.534423828125
5 0.16955078125 0.5355859375 0.130109375 0.60806640625 0.17941015625 0.6075859375 0.22053515625 0.536109375
0 0.13224609375 0.344294921875 0.131333984375 0.38976171875 0.1354375 0.405267578125 0.146837890625 0.411884765625 0.17533984375 0.411884765625
5 0.134298828125 0.34748828125 0.17169140625 0.411884765625 0.221626953125 0.410744140625 0.183775390625 0.34229296875
0 0.143875 0.27361328125 0.13475390625 0.2761328125 0.1317890625 0.28457421875 0.13224609375 0.3461796875 0.185828125 0.345494140625
5 0.13976953125 0.273166015625 0.18149609375 0.34663671875 0.225958984375 0.3461796875 0.185828125 0.27248046875
0 0.184232421875 0.077751953125 0.14341796875 0.146923828125 0.136123046875 0.148521484375 0.130650390625 0.14623828125 0.130650390625 0.07847265625
0 0.173744140625 0.013453125 0.132474609375 0.081689453125 0.129966796875 0.042900390625 0.134525390625 0.023962890625 0.148662109375 0.013466796875
5 0.169412109375 0.0125703125 0.12928125 0.0826171875 0.1808125 0.081248046875 0.218662109375 0.013255859375
5 0.18035546875 0.0786640625 0.13840234375 0.148765625 0.191072265625 0.148537109375 0.230974609375 0.078490234375
0 0.846037109375 0.86539453125 0.8882734375 0.935490234375 0.855275390625 0.931087890625 0.8073203125 0.913037109375 0.731208984375 0.88266015625 0.6700546875 0.868130859375
5 0.8394375 0.867154296875 0.882552734375 0.93637109375 0.937107421875 0.93637109375 0.8939921875 0.8659296875