0 0.546087890625 0.120595703125 0.60366015625 0.0208203125 0.644880859375 0.021501953125 0.590373046875 0.12036328125
0 0.548130859375 0.133880859375 0.603318359375 0.233123046875 0.64317578125 0.233123046875 0.586966796875 0.133580078125
5 0.583900390625 0.1345625 0.638748046875 0.2338046875 0.68984765625 0.232099609375 0.635341796875 0.13426171875
5 0.5004375 0.135244140625 0.555625 0.2338046875 0.608087890625 0.234486328125 0.552900390625 0.13426171875
5 0.5004375 0.120013671875 0.551537109375 0.0197890625 0.6084296875 0.02115234375 0.554603515625 0.120013671875
5 0.585603515625 0.1199140625 0.63976953125 0.02012890625 0.6929140625 0.02115234375 0.637044921875 0.118990234375
0 0.560736328125 0.41230859375 0.612517578125 0.318560546875 0.648626953125 0.319583984375 0.5961640625 0.4109453125
5 0.513724609375 0.40777734375 0.56312109375 0.3192421875 0.6152421875 0.319583984375 0.565505859375 0.4109453125
5 0.592076171875 0.40958203125 0.6445390625 0.318220703125 0.696662109375 0.320947265625 0.64249609375 0.415716796875
0 0.53130859375 0.43301953125 0.473427734375 0.531689453125 0.520115234375 0.5330546875 0.576357421875 0.43333203125
5 0.486259765625 0.431380859375 0.42783203125 0.530869140625 0.480798828125 0.530869140625 0.53622265625 0.43251171875
5 0.5703515625 0.43251171875 0.516837890625 0.530322265625 0.568986328125 0.53005078125 0.62413671875 0.43387890625
0 0.631783203125 0.7161484375 0.578814453125 0.62088671875 0.6175859375 0.62061328125 0.67191796875 0.715693359375
5 0.580453125 0.7098671875 0.530490234375 0.62252734375 0.5812734375 0.62116015625 0.632328125 0.70831640625
5 0.662908203125 0.70768359375 0.61376171875 0.62033984375 0.66618359375 0.62033984375 0.71341796875 0.706404296875