0 0.1748046875 0.7216796875 0.1408203125 0.7819140625 0.131640625 0.7834765625 0.1298828125 0.72093359375
5 0.1708984375 0.72109375 0.1361328125 0.7838671875 0.18828125 0.782890625 0.2220703125 0.72073828125
0 0.1779296875 0.47578125 0.1337890625 0.5510703125 0.13125 0.4957578125 0.144921875 0.480123046875 0.16328125 0.475431640625
5 0.1736328125 0.474248046875 0.1341796875 0.543240234375 0.1869140625 0.542849609375 0.2248046875 0.474638671875
0 0.1423828125 0.2978515625 0.18515625 0.36960546875 0.13046875 0.37019140625 0.131640625 0.30237109375
5 0.1388671875 0.2994140625 0.1814453125 0.37019140625 0.2310546875 0.36941015625 0.189453125 0.299048828125
0 0.18359375 0.103125 0.1427734375 0.171955078125 0.1337890625 0.173712890625 0.12890625 0.167263671875 0.1291015625 0.104330078125
5 0.1787109375 0.102734375 0.137890625 0.17410546875 0.189453125 0.173517578125 0.2306640625 0.102765625
0 0.173046875 0.0357421875 0.1296875 0.1106171875 0.129296875 0.055111328125 0.1359375 0.044751953125 0.1498046875 0.03595703125
5 0.1697265625 0.034765625 0.127734375 0.10846875 0.1802734375 0.107294921875 0.2208984375 0.03556640625
0 0.5520390625 0.708572265625 0.51162109375 0.78375 0.705685546875 0.717306640625 0.70696875 0.704787109375
5 0.50328125 0.711458984375 0.4635078125 0.7834296875 0.51611328125 0.78375 0.554283203125 0.7131328125
0 0.688685546875 0.473771484375 0.650513671875 0.539310546875 0.756044921875 0.544125 0.776896484375 0.5290390625 0.7785 0.5072109375 0.757970703125 0.482173828125 0.738404296875 0.476396484375
5 0.642494140625 0.473828125 0.60496484375 0.537384765625 0.659173828125 0.536421875 0.69349609375 0.474470703125
0 0.84521875 0.36503125 0.88659765625 0.437341796875 0.833671875 0.4235390625 0.772724609375 0.39882421875 0.72685546875 0.3827734375 0.674892578125 0.3680078125
5 0.837841796875 0.364478515625 0.8837109375 0.437662109375 0.935353515625 0.437984375 0.89205078125 0.363515625