0 0.643806640625 0.79823046875 0.684326171875 0.86905078125 0.63075 0.869501953125 0.631201171875 0.801021484375
5 0.639755859375 0.79823046875 0.67847265625 0.869953125 0.729798828125 0.86769921875 0.68837890625 0.79741796875
0 0.68342578125 0.602837890625 0.640205078125 0.6772578125 0.629849609375 0.670951171875 0.629400390625 0.603373046875
0 0.6321015625 0.605625 0.6730703125 0.5366953125 0.647408203125 0.534892578125 0.628048828125 0.557869140625
5 0.67622265625 0.60013671875 0.6370546875 0.672302734375 0.69198046875 0.67410546875 0.732048828125 0.602921875
5 0.669919921875 0.533955078125 0.628048828125 0.6092734375 0.682525390625 0.607021484375 0.72214453125 0.535837890625
0 0.6321015625 0.34261328125 0.629849609375 0.3972109375 0.6442578125 0.4134296875 0.6780234375 0.412529296875
0 0.643806640625 0.272830078125 0.63390234375 0.279623046875 0.63255078125 0.348103515625 0.68837890625 0.347654296875
5 0.633451171875 0.34396484375 0.67126953125 0.411177734375 0.72034375 0.410275390625 0.684326171875 0.341345703125
5 0.64065625 0.27373046875 0.681173828125 0.350806640625 0.731599609375 0.349005859375 0.69198046875 0.274216796875
0 0.6730703125 0.013154296875 0.63255078125 0.083435546875 0.63030078125 0.031625 0.648759765625 0.014505859375
0 0.629849609375 0.0774375 0.631201171875 0.145158203125 0.641556640625 0.152365234375 0.684326171875 0.07712890625
5 0.670369140625 0.009455078125 0.6285 0.082984375 0.683876953125 0.0816328125 0.721244140625 0.011802734375
5 0.6780234375 0.0760859375 0.635251953125 0.15011328125 0.693330078125 0.149212890625 0.7325 0.077578125