0 0.18910546875 0.47609375 0.150732421875 0.540271484375 0.15165234375 0.562115234375 0.223341796875 0.5611953125 0.267228515625 0.5393515625 0.278947265625 0.516587890625 0.27297265625 0.49382421875 0.23781640625 0.47519921875
5 0.142919921875 0.474484375 0.105697265625 0.5361328125 0.159462890625 0.535671875 0.19278125 0.4754296875
0 0.75558203125 0.8108515625 0.797806640625 0.87594140625 0.91126171875 0.876154296875 0.876712890625 0.810638671875
5 0.71548828125 0.8118828125 0.74982421875 0.874232421875 0.805697265625 0.874447265625 0.765390625 0.810638671875
5 0.86967578125 0.8112421875 0.905076171875 0.87679296875 0.958818359375 0.873166015625 0.924697265625 0.81234375
0 0.96319921875 0.699349609375 0.998046875 0.698126953125 0.998046875 0.632775390625
5 0.951458984375 0.63006640625 0.912568359375 0.697880859375 0.966623046875 0.697880859375 0.998046875 0.639873046875 0.997685546875 0.630083984375
0 0.997931640625 0.565005859375 0.988880859375 0.56550390625 0.951458984375 0.63085546875 0.998046875 0.63158984375
5 0.94338671875 0.560357421875 0.904498046875 0.630611328125 0.955861328125 0.631099609375 0.99352734375 0.561833984375
0 0.95099609375 0.365478515625 0.993662109375 0.438033203125 0.998046875 0.4372265625 0.99419921875 0.366873046875
0 0.96173046875 0.300541015625 0.998046875 0.3676796875 0.996345703125 0.309140625 0.98802734375 0.2989375
5 0.911283203125 0.300541015625 0.95394921875 0.367947265625 0.998046875 0.367947265625 0.964681640625 0.29866796875
5 0.902158203125 0.365478515625 0.94509375 0.436958984375 0.996615234375 0.43534765625 0.958509765625 0.36553125
0 0.997537109375 0.10801171875 0.959958984375 0.17469921875 0.9847109375 0.17469921875 0.998046875 0.1611875
0 0.998046875 0.0385078125 0.99101171875 0.03783203125 0.95118359375 0.108537109375 0.998046875 0.1083125
5 0.94353125 0.03825390625 0.901451171875 0.108763671875 0.95680859375 0.108537109375 0.996412109375 0.03783203125
5 0.9527578125 0.105564453125 0.913154296875 0.174244140625 0.965359375 0.173794921875 0.998046875 0.106240234375
0 0.3447265625 0.364875 0.387109375 0.43660546875 0.35078125 0.428005859375 0.2728515625 0.398296875 0.23046875 0.38226953125 0.23046875 0.367416015625
5 0.3400390625 0.365658203125 0.3837890625 0.43777734375 0.43359375 0.43680078125 0.3939453125 0.366634765625