0 0.937109375 0.28575390625 0.973828125 0.350447265625 0.998046875 0.346552734375 0.998046875 0.285181640625
5 0.8896484375 0.2859375 0.92421875 0.3496796875 0.977734375 0.3492890625 0.940234375 0.284400390625
0 0.6158203125 0.2859375 0.6521484375 0.34948046875 0.625390625 0.349087890625 0.594140625 0.329349609375 0.5759765625 0.3117578125 0.5734375 0.2875234375
3 0.6060546875 0.2855390625 0.6416015625 0.350232421875 0.6994140625 0.349451171875 0.6611328125 0.285734375
0 0.342408203125 0.262140625 0.39411328125 0.35262890625 0.416892578125 0.351181640625 0.452328125 0.309208984375 0.45558203125 0.262171875
3 0.308421875 0.28569140625 0.347470703125 0.350818359375 0.402068359375 0.349734375 0.365912109375 0.28243359375
0 0.17174609375 0.4638984375 0.13305859375 0.533775390625 0.08533203125 0.534498046875 0.0860546875 0.510255859375 0.10594140625 0.480224609375 0.13956640625 0.462857421875
5 0.167046875 0.463173828125 0.127634765625 0.5312421875 0.18259375 0.53305078125 0.218751953125 0.465029296875
0 0.18187109375 0.529341796875 0.13956640625 0.603244140625 0.096177734375 0.57466015625 0.08533203125 0.53196484375
5 0.17536328125 0.526900390625 0.1348671875 0.601796875 0.1916328125 0.6007109375 0.22959765625 0.530517578125
0 0.12911328125 0.796623046875 0.1838359375 0.7961953125 0.14151171875 0.728599609375 0.129966796875 0.728171875
0 0.129966796875 0.7926328125 0.12911328125 0.8423984375 0.1419375 0.860794921875 0.17528515625 0.8659296875
5 0.12740234375 0.793626953125 0.17058203125 0.865501953125 0.22103125 0.864646484375 0.179560546875 0.792771484375
5 0.138517578125 0.728076171875 0.17699609375 0.798333984375 0.230435546875 0.79705078125 0.188966796875 0.72603125
0 0.748919921875 0.7263359375 0.789423828125 0.798259765625 0.897830078125 0.796669921875 0.898228515625 0.79309375 0.8108671875 0.761701171875 0.7667890625 0.732296875
5 0.70087109375 0.72668359375 0.74018359375 0.797068359375 0.795380859375 0.79746484375 0.753685546875 0.725541015625
0 0.982015625 0.621056640625 0.94826171875 0.6867421875 0.90219921875 0.683958984375 0.880755859375 0.668462890625 0.881548828125 0.6398515625 0.920861328125 0.606076171875 0.964939453125 0.598923828125
5 0.9796328125 0.621849609375 0.942703125 0.68634375 0.995119140625 0.68515234375 0.998046875 0.67323046875 0.998046875 0.621572265625