0 0.573880859375 0.5043515625 0.6562734375 0.506908203125 0.655634765625 0.427333984375 0.57739453125 0.425736328125
5 0.575478515625 0.500109375 0.57451953125 0.5487734375 0.655634765625 0.550689453125 0.655634765625 0.500197265625
0 0.80370703125 0.854197265625 0.80412109375 0.88658984375 0.903859375 0.8290234375 0.903859375 0.797962890625
3 0.80412109375 0.879548828125 0.80412109375 0.942912109375 0.9059296875 0.88493359375 0.9042734375 0.82446875
0 0.799982421875 0.451201171875 0.799982421875 0.48019140625 0.903859375 0.47812109375 0.903033203125 0.452857421875
4 0.798326171875 0.406060546875 0.799568359375 0.45534375 0.903859375 0.4557578125 0.903859375 0.406474609375
0 0.799154296875 0.332740234375 0.800396484375 0.409373046875 0.903447265625 0.409787109375 0.903859375 0.389494140625
5 0.801224609375 0.284763671875 0.801638671875 0.3381875 0.903033203125 0.39616796875 0.902205078125 0.3415
0 0.49259765625 0.292787109375 0.585375 0.29466015625 0.585166015625 0.27176171875 0.50029296875 0.27176171875
5 0.49093359375 0.28623828125 0.490724609375 0.337958984375 0.585791015625 0.339623046875 0.586 0.2902890625
0 0.801212890625 0.151931640625 0.906978515625 0.21201171875 0.9071875 0.133751953125 0.795966796875 0.134171875
5 0.80247265625 0.1482421875 0.801841796875 0.20116015625 0.904041015625 0.259330078125 0.904041015625 0.20137109375
0 0.907181640625 0.0320859375 0.906306640625 0.21287109375 0.853509765625 0.18222265625 0.85380078125 0.0307265625
5 0.900181640625 0.03150390625 0.90047265625 0.134349609375 0.948310546875 0.134349609375 0.9477265625 0.0307265625