0 0.478365234375 0.529166015625 0.479583984375 0.6331953125 0.489330078125 0.6331953125 0.5486171875 0.528759765625
5 0.4369453125 0.53115625 0.4373515625 0.6327890625 0.48445703125 0.6319765625 0.48405078125 0.53119921875
5 0.54130859375 0.52953125 0.48445703125 0.6323828125 0.54008984375 0.6323828125 0.595318359375 0.53119921875
0 0.50516796875 0.719984375 0.575013671875 0.826078125 0.488111328125 0.825671875 0.489330078125 0.73139453125
0 0.487298828125 0.82637890625 0.553083984375 0.933763671875 0.50151171875 0.934169921875 0.487298828125 0.919134765625
5 0.488923828125 0.832064453125 0.547806640625 0.934982421875 0.6050625 0.932138671875 0.546587890625 0.832580078125
5 0.50191796875 0.719984375 0.564455078125 0.823232421875 0.61521484375 0.821201171875 0.554708984375 0.717171875
0 0.3029375 0.831251953125 0.403646484375 0.8914453125 0.404052734375 0.910951171875 0.3013125 0.90891796875
4 0.300501953125 0.905564453125 0.30253125 0.956462890625 0.404865234375 0.957275390625 0.404865234375 0.90769921875
0 0.302125 0.953888671875 0.302125 0.979625 0.402427734375 0.9788125 0.402427734375 0.955244140625
5 0.30334375 0.784146484375 0.3045625 0.839431640625 0.403240234375 0.897134765625 0.403240234375 0.841462890625
0 0.30171875 0.64980859375 0.40811328125 0.712794921875 0.40811328125 0.6384296875 0.300501953125 0.6343671875
5 0.30415625 0.645671875 0.30578125 0.701009765625 0.403240234375 0.75952734375 0.404052734375 0.70385546875