0 0.31683203125 0.87345703125 0.347755859375 0.98051953125 0.38193359375 0.98051953125 0.34395703125 0.87411328125
0 0.4351015625 0.876169921875 0.47633203125 0.977806640625 0.512681640625 0.972919921875 0.470365234375 0.87519921875
3 0.3396171875 0.87345703125 0.374337890625 0.97998046875 0.42967578125 0.980521484375 0.39115625 0.875201171875
3 0.38681640625 0.874658203125 0.423708984375 0.980521484375 0.48121484375 0.980521484375 0.440525390625 0.876830078125
5 0.27397265625 0.871830078125 0.291875 0.977802734375 0.35480859375 0.978345703125 0.322798828125 0.873025390625
3 0.465482421875 0.8788828125 0.50562890625 0.9756328125 0.56259375 0.9712890625 0.521361328125 0.873568359375
2 0.51539453125 0.87345703125 0.553912109375 0.970203125 0.61358984375 0.9636875 0.573986328125 0.871939453125
2 0.58049609375 0.870310546875 0.616302734375 0.959888671875 0.67109765625 0.952287109375 0.6374609375 0.865423828125
2 0.64180078125 0.865423828125 0.672181640625 0.959345703125 0.72372265625 0.949572265625 0.6938828125 0.85565234375
2 0.705818359375 0.85121484375 0.72751953125 0.9398203125 0.785568359375 0.9311328125 0.7600703125 0.841013671875
0 0.397125 0.706904296875 0.34504296875 0.7933515625 0.41014453125 0.79715234375
5 0.3531796875 0.7025625 0.295130859375 0.778150390625 0.35046875 0.79389453125 0.403091796875 0.70648828125
0 0.35490625 0.399619140625 0.279361328125 0.481302734375 0.331583984375 0.4965234375 0.387861328125 0.499060546875 0.37265234375 0.40215625
5 0.306234375 0.3893828125 0.2266328125 0.464052734375 0.284939453125 0.48434765625 0.358455078125 0.402662109375
0 0.33095703125 0.102912109375 0.242078125 0.16148828125 0.290025390625 0.188990234375 0.34557421875 0.205373046875
5 0.29294921875 0.08303125 0.19646875 0.122869140625 0.245001953125 0.163828125 0.333294921875 0.109412109375