0 0.423693359375 0.776439453125 0.423693359375 0.82721484375 0.50208203125 0.82721484375 0.50208203125 0.776576171875
5 0.423693359375 0.7337734375 0.424189453125 0.780546875 0.50108984375 0.78104296875 0.50009765625 0.735369140625
5 0.425181640625 0.822580078125 0.425181640625 0.8674296875 0.50009765625 0.8674296875 0.49910546875 0.82175390625
0 0.63107421875 0.819107421875 0.630578125 0.870841796875 0.641990234375 0.886728515625 0.67423828125 0.888216796875
0 0.640998046875 0.750640625 0.630578125 0.759630859375 0.63008203125 0.82268359375 0.6856484375 0.821193359375
5 0.62908984375 0.819603515625 0.67026953125 0.8892109375 0.716904296875 0.887224609375 0.67523046875 0.81722265625
5 0.63901171875 0.75113671875 0.678703125 0.8221875 0.730796875 0.821689453125 0.690609375 0.75019921875
0 0.6816796875 0.554173828125 0.642486328125 0.6252421875 0.63008203125 0.6252421875 0.62908984375 0.553751953125
0 0.63107421875 0.55665625 0.67423828125 0.486728515625 0.642982421875 0.487720703125 0.62908984375 0.503111328125
5 0.67820703125 0.554173828125 0.6355390625 0.626236328125 0.690609375 0.626236328125 0.73129296875 0.554248046875
5 0.6697734375 0.485708984375 0.6295859375 0.55821875 0.6836640625 0.558716796875 0.720873046875 0.488216796875
0 0.6315703125 0.294203125 0.67523046875 0.36427734375 0.653896484375 0.36378125 0.62908984375 0.347892578125
5 0.630578125 0.2932109375 0.67026953125 0.36378125 0.720873046875 0.365765625 0.6796953125 0.291294921875
0 0.63008203125 0.229236328125 0.6295859375 0.296259765625 0.68217578125 0.2967578125 0.645958984375 0.232712890625 0.6355390625 0.2262578125
5 0.6375234375 0.228740234375 0.67622265625 0.2967578125 0.7317890625 0.29725390625 0.68912109375 0.227251953125
0 0.681998046875 0.02994921875 0.640328125 0.10165234375 0.6022421875 0.08210546875 0.583685546875 0.03063671875
5 0.677439453125 0.029298828125 0.634794921875 0.101 0.689810546875 0.100673828125 0.730177734375 0.030310546875