0 0.4197734375 0.274537109375 0.420158203125 0.327623046875 0.5008828125 0.32723828125 0.500115234375 0.274921875
5 0.4216953125 0.2333359375 0.422080078125 0.281078125 0.5008828125 0.280693359375 0.5008828125 0.234916015625
5 0.422849609375 0.32175 0.422849609375 0.3699375 0.501267578125 0.368783203125 0.5008828125 0.32146875
0 0.633119140625 0.842623046875 0.631197265625 0.8949921875 0.643115234375 0.912302734375 0.677326171875 0.9126875
0 0.6435 0.773044921875 0.631197265625 0.779603515625 0.63158203125 0.848845703125 0.68808984375 0.85
5 0.633119140625 0.843775390625 0.67117578125 0.914240234375 0.720380859375 0.911546875 0.68424609375 0.843076171875
5 0.639654296875 0.773044921875 0.68232421875 0.85 0.732296875 0.84923046875 0.693857421875 0.775373046875
0 0.631197265625 0.578150390625 0.63158203125 0.650166015625 0.6435 0.650166015625 0.682708984375 0.5786171875
0 0.674251953125 0.511646484375 0.631966796875 0.5836171875 0.62966015625 0.53091796875 0.648880859375 0.511298828125
5 0.67079296875 0.51126171875 0.628890625 0.58246484375 0.6815546875 0.581310546875 0.719611328125 0.512837890625
5 0.6738671875 0.57584375 0.634658203125 0.650166015625 0.691166015625 0.650166015625 0.731912109375 0.5786171875
0 0.631966796875 0.318673828125 0.67309765625 0.38836328125 0.641193359375 0.386056640625 0.628123046875 0.369515625
0 0.641576171875 0.250650390625 0.6285078125 0.259498046875 0.628890625 0.3245078125 0.685015625 0.32181640625
5 0.629275390625 0.3182890625 0.6700234375 0.3891328125 0.718458984375 0.388748046875 0.6757890625 0.31873828125
5 0.63696484375 0.250265625 0.678865234375 0.323353515625 0.73306640625 0.322201171875 0.68962890625 0.249880859375
0 0.6306796875 0.05511328125 0.630408203125 0.124431640625 0.6418125 0.126876953125 0.683078125 0.054337890625
0 0.634208984375 0 0.629865234375 0.00654296875 0.631494140625 0.05979296875 0.6689609375 0
5 0.661359375 0.0010859375 0.628236328125 0.058162109375 0.681177734375 0.058162109375 0.717015625 0
5 0.678734375 0.053484375 0.635837890625 0.1290703125 0.690408203125 0.126353515625 0.7311328125 0.05490234375