5 0.907494140625 0.843439453125 0.945099609375 0.913064453125 0.995927734375 0.91182421875 0.960802734375 0.844830078125
5 0.916171875 0.77483984375 0.95749609375 0.84979296875 0.998046875 0.8473125 0.998046875 0.832837890625 0.967001953125 0.774943359375
5 0.95336328125 0.5789609375 0.90997265625 0.65181640625 0.967001953125 0.65181640625 0.998046875 0.58482421875
5 0.946337890625 0.5111875 0.90253515625 0.583583984375 0.958736328125 0.583583984375 0.995927734375 0.516591796875
0 0.950470703125 0.317787109375 0.98931640625 0.38854296875 0.99758203125 0.388955078125 0.997994140625 0.318654296875
0 0.962455078125 0.253734375 0.99716796875 0.3157890625 0.998046875 0.266578125 0.980224609375 0.250865234375
0 0.98353125 0.000826171875 0.95005859375 0.0595859375 0.998046875 0.060412109375 0.998046875 0.002517578125
0 0.99758203125 0.060333984375 0.958736328125 0.128232421875 0.9839453125 0.12864453125 0.998046875 0.114998046875
5 0.936833984375 0 0.901708984375 0.061240234375 0.96162890625 0.060412109375 0.98973046875 0.00127734375
5 0.950470703125 0.056615234375 0.910798828125 0.126578125 0.966173828125 0.1269921875 0.998046875 0.06248046875
5 0.912453125 0.252494140625 0.95377734375 0.323248046875 0.998046875 0.3220078125 0.998046875 0.31249609375 0.964109375 0.25087890625
5 0.9041875 0.31944140625 0.94551171875 0.389 0.99758203125 0.386931640625 0.95584375 0.3145625
0 0.990142578125 0.51581640625 0.950884765625 0.58363671875 0.998046875 0.58405078125 0.998046875 0.517470703125
0 0.99758203125 0.583919921875 0.958322265625 0.651869140625 0.9756796875 0.651869140625 0.998046875 0.635328125
0 0.960802734375 0.777853515625 0.998046875 0.841123046875 0.99758203125 0.786951171875 0.98353125 0.77578515625
0 0.95336328125 0.843439453125 0.990142578125 0.91423828125 0.995927734375 0.912998046875 0.9951015625 0.842697265625