0 0.69666796875 0.118150390625 0.7253828125 0.118197265625 0.783751953125 0.219001953125 0.698080078125 0.220416015625
5 0.718791015625 0.11959375 0.77669140625 0.22275390625 0.8336484375 0.223224609375 0.7738671875 0.121478515625
0 0.417529296875 0.39030078125 0.417529296875 0.425158203125 0.503671875 0.51512890625 0.503671875 0.473205078125
0 0.414705078125 0.482490234375 0.412822265625 0.519326171875 0.501318359375 0.611181640625 0.502259765625 0.573025390625
0 0.41517578125 0.578046875 0.416587890625 0.617251953125 0.503201171875 0.70580859375 0.502259765625 0.670478515625
0 0.414234375 0.736208984375 0.413763671875 0.791451171875 0.502259765625 0.882298828125 0.50273046875 0.82671484375
0 0.414234375 0.91790625 0.413763671875 0.968876953125 0.443419921875 0.998046875 0.50273046875 0.998046875
3 0.412822265625 0.846828125 0.414705078125 0.926482421875 0.4980234375 0.998046875 0.496611328125 0.927896484375
3 0.415646484375 0.78610546875 0.414705078125 0.8577578125 0.494728515625 0.936421875 0.495669921875 0.8704765625
3 0.4161171875 0.67316796875 0.414234375 0.743826171875 0.503671875 0.8323828125 0.502259765625 0.75983984375
3 0.4161171875 0.607701171875 0.415646484375 0.684984375 0.50273046875 0.768359375 0.500376953125 0.697703125
4 0.41517578125 0.513556640625 0.415646484375 0.588501953125 0.506966796875 0.681298828125 0.4980234375 0.597923828125
4 0.418470703125 0.420353515625 0.4161171875 0.493416015625 0.505083984375 0.584328125 0.499435546875 0.50377734375
0 0.36048828125 0.38575 0.264685546875 0.48873828125 0.264685546875 0.413140625 0.264412109375 0.384654296875
5 0.354193359375 0.38266015625 0.263318359375 0.4857265625 0.263591796875 0.542150390625 0.36130859375 0.450392578125