0 0.285919921875 0.05613671875 0.287791015625 0.141224609375 0.373865234375 0.0584609375
5 0.36750390625 0.0572578125 0.287416015625 0.136732421875 0.3656328125 0.13748046875 0.445345703125 0.056962890625
0 0.717791015625 0.141595703125 0.8188359375 0.14196875 0.8188359375 0.060703125 0.796755859375 0.060703125
5 0.726025390625 0.0572578125 0.647435546875 0.13934765625 0.72340625 0.141595703125 0.80573828125 0.05845703125
0 0.7110546875 0.240306640625 0.797505859375 0.335802734375 0.816591796875 0.336927734375 0.81733984375 0.240306640625
5 0.654919921875 0.24063671875 0.73687890625 0.33842578125 0.8042421875 0.33805078125 0.7189140625 0.23918359375
0 0.287416015625 0.233900390625 0.28666796875 0.3387890625 0.3727421875 0.33579296875
5 0.28666796875 0.23655078125 0.366380859375 0.337666015625 0.435990234375 0.336541015625 0.354404296875 0.237673828125
0 0.45774609375 0.608451171875 0.55774609375 0.55859765625 0.526056640625 0.519837890625 0.485916015625 0.495876953125 0.44718359375 0.473326171875
5 0.45737890625 0.604650390625 0.458083984375 0.66543359375 0.55737890625 0.6153984375 0.553859375 0.554087890625
5 0.461044921875 0.814009765625 0.461810546875 0.8662265625 0.556005859375 0.8181796875 0.5575234375 0.763447265625
0 0.462177734375 0.860580078125 0.46291015625 0.91021875 0.55490625 0.864373046875 0.5552734375 0.813025390625
3 0.463642578125 0.90676171875 0.463642578125 0.957466796875 0.55490625 0.91051953125 0.555638671875 0.859171875