0 0.20332421875 0.26122265625 0.25578515625 0.357806640625 0.202779296875 0.357263671875
5 0.201421875 0.260951171875 0.252251953125 0.357806640625 0.309333984375 0.358078125 0.2552421875 0.258794921875
0 0.73201953125 0.262853515625 0.788287109375 0.359431640625 0.80976171875 0.359431640625 0.8089453125 0.262052734375
5 0.680646484375 0.260134765625 0.735826171875 0.36051953125 0.79399609375 0.35834375 0.737185546875 0.259603515625
5 0.806228515625 0.260419921875 0.80568359375 0.35916015625 0.8589609375 0.3599765625 0.85977734375 0.259603515625
0 0.81728125 0.465509765625 0.81757421875 0.53946875 0.74223828125 0.53946875
5 0.760705078125 0.45733203125 0.680091796875 0.537708984375 0.75103125 0.538001953125 0.820798828125 0.464666015625
0 0.287865234375 0.456423828125 0.286986328125 0.536826171875 0.373169921875 0.45644921875
5 0.372876953125 0.454078125 0.28816015625 0.535064453125 0.36173828125 0.534478515625 0.435609375 0.4541015625
0 0.286107421875 0.5584375 0.287865234375 0.642966796875 0.37405078125 0.557603515625
5 0.36789453125 0.557849609375 0.286693359375 0.63915234375 0.363203125 0.63915234375 0.447921875 0.555841796875
0 0.79646875 0.562833984375 0.7173203125 0.642376953125 0.820505859375 0.642669921875 0.820212890625 0.563173828125
5 0.7246484375 0.561369140625 0.648431640625 0.64091015625 0.72435546875 0.642376953125 0.8020390625 0.563759765625
0 0.706630859375 0.7397734375 0.79922265625 0.838115234375 0.817607421875 0.83878515625 0.81927734375 0.737767578125
5 0.652814453125 0.741060546875 0.73838671875 0.83878515625 0.805572265625 0.837447265625 0.71799609375 0.7381015625
0 0.287130859375 0.734375 0.286796875 0.836103515625 0.37337109375 0.83309375
5 0.287466796875 0.73608984375 0.3663515625 0.83576953125 0.44055859375 0.837107421875 0.353984375 0.73608984375