0 0.3891484375 0.906220703125 0.388904296875 0.93487109375 0.46824609375 0.934626953125 0.46824609375 0.907509765625
0 0.389880859375 0.84050390625 0.38963671875 0.869154296875 0.468978515625 0.86891015625 0.468490234375 0.840326171875
0 0.3891484375 0.773076171875 0.388904296875 0.8017265625 0.470443359375 0.80249609375 0.470931640625 0.773423828125
0 0.390857421875 0.706138671875 0.39061328125 0.734787109375 0.47215234375 0.73555859375 0.472640625 0.706486328125
0 0.39061328125 0.638955078125 0.390369140625 0.66760546875 0.471908203125 0.668375 0.472396484375 0.639302734375
0 0.39061328125 0.57275 0.390369140625 0.601400390625 0.471908203125 0.602169921875 0.472396484375 0.57309765625
0 0.390125 0.506544921875 0.389880859375 0.535193359375 0.471419921875 0.535962890625 0.471908203125 0.506890625
0 0.389880859375 0.43960546875 0.38963671875 0.468255859375 0.47117578125 0.469025390625 0.4716640625 0.439953125
0 0.38963671875 0.373400390625 0.389392578125 0.402048828125 0.470931640625 0.402818359375 0.471419921875 0.373748046875
0 0.389392578125 0.3064609375 0.3891484375 0.335111328125 0.4706875 0.335880859375 0.47117578125 0.30680859375
0 0.388416015625 0.24001171875 0.388171875 0.26866015625 0.4697109375 0.2694296875 0.47019921875 0.240359375
0 0.471384765625 0.110248046875 0.4194296875 0.10923828125 0.392947265625 0.13371875 0.39143359375 0.162490234375 0.469115234375 0.1592109375
5 0.390423828125 0.149619140625 0.3891640625 0.19782421875 0.47239453125 0.19858203125 0.471888671875 0.148357421875
5 0.388154296875 0.1931953125 0.38790234375 0.242716796875 0.471384765625 0.24246484375 0.472140625 0.192744140625
4 0.387146484375 0.264822265625 0.38689453125 0.30879296875 0.471888671875 0.309548828125 0.47163671875 0.264625
4 0.388154296875 0.33140625 0.3873984375 0.376375 0.471888671875 0.376880859375 0.472140625 0.331451171875
4 0.38790234375 0.397990234375 0.387650390625 0.442966796875 0.471384765625 0.44347265625 0.471888671875 0.39804296875
4 0.38840625 0.464634765625 0.38840625 0.51031640625 0.47163671875 0.510064453125 0.471384765625 0.46564453125
4 0.3891640625 0.530654296875 0.388912109375 0.57539453125 0.47062890625 0.5758984375 0.470376953125 0.532236328125
6 0.38840625 0.597275390625 0.387650390625 0.642705078125 0.471888671875 0.64295703125 0.47163671875 0.59828515625
6 0.387650390625 0.663822265625 0.38866015625 0.710556640625 0.473150390625 0.710556640625 0.471888671875 0.6641171875
6 0.38966796875 0.731416015625 0.389416015625 0.778408203125 0.47163671875 0.7773984375 0.471888671875 0.73196875
4 0.388154296875 0.79749609375 0.387650390625 0.8429609375 0.469619140625 0.843970703125 0.469619140625 0.79778515625
6 0.389416015625 0.865591796875 0.388912109375 0.9100546875 0.468357421875 0.91131640625 0.46810546875 0.86588671875