0 0.459693359375 0.1080234375 0.55819921875 0.058146484375 0.527267578125 0.022908203125 0.4911015625 0 0.458265625 0.001001953125
5 0.45921875 0.101837890625 0.460169921875 0.161005859375 0.556771484375 0.11291015625 0.554392578125 0.05671875
0 0.4639765625 0.35928515625 0.462548828125 0.413208984375 0.554869140625 0.36463671875 0.553916015625 0.314634765625
3 0.4635 0.40687109375 0.4635 0.45701953125 0.5558203125 0.410828125 0.554392578125 0.3593984375
5 0.462072265625 0.31448828125 0.462072265625 0.36463671875 0.554392578125 0.3184453125 0.55296484375 0.267013671875
5 0.460646484375 0.614384765625 0.46112109375 0.67213671875 0.552013671875 0.623087890625 0.551537109375 0.56691015625
0 0.46159765625 0.668126953125 0.554869140625 0.6183046875 0.55534375 0.682115234375
0 0.46112109375 0.767583984375 0.55819921875 0.72677734375 0.464453125 0.724873046875
5 0.460169921875 0.766779296875 0.482060546875 0.81011328125 0.556771484375 0.777732421875 0.55534375 0.72296875
5 0.462072265625 0.813267578125 0.46112109375 0.865259765625 0.557248046875 0.823830078125 0.5558203125 0.772400390625
0 0.462548828125 0.858951171875 0.462548828125 0.96621484375 0.554869140625 0.96526171875 0.55534375 0.82001953125