0 0.3887421875 0.4061484375 0.3887421875 0.435525390625 0.468232421875 0.435814453125 0.468521484375 0.407365234375
0 0.38961328125 0.338796875 0.38961328125 0.368173828125 0.4691015625 0.36846484375 0.469392578125 0.340013671875
0 0.3907734375 0.2728984375 0.3907734375 0.3022734375 0.47026171875 0.302564453125 0.470552734375 0.274115234375
0 0.390193359375 0.206708984375 0.390193359375 0.236083984375 0.4731640625 0.23648046875 0.472873046875 0.206580078125
0 0.3907734375 0.13906640625 0.3907734375 0.168443359375 0.473744140625 0.16883984375 0.473453125 0.1389375
0 0.390193359375 0.072876953125 0.390193359375 0.10225390625 0.4731640625 0.102650390625 0.472873046875 0.072748046875
0 0.389033203125 0.00581640625 0.389033203125 0.03519140625 0.472001953125 0.03558984375 0.471712890625 0.0056875
4 0.38961328125 0.030751953125 0.38990234375 0.076666015625 0.4711328125 0.076666015625 0.470841796875 0.030796875
4 0.38961328125 0.0981015625 0.38990234375 0.144017578125 0.4711328125 0.144017578125 0.470841796875 0.0981484375
4 0.38990234375 0.164873046875 0.390193359375 0.210787109375 0.471421875 0.210787109375 0.4711328125 0.16491796875
6 0.390193359375 0.232513671875 0.390482421875 0.278427734375 0.471712890625 0.278427734375 0.471421875 0.232560546875
4 0.388162109375 0.298123046875 0.388453125 0.344037109375 0.469681640625 0.344037109375 0.469392578125 0.298169921875
6 0.38787109375 0.365474609375 0.388162109375 0.411388671875 0.469392578125 0.411388671875 0.4691015625 0.365521484375