0 0.371572265625 0.72816015625 0.3708046875 0.824767578125 0.421525390625 0.82515234375 0.422294921875 0.72825390625
0 0.371572265625 0.637412109375 0.3708046875 0.734021484375 0.421525390625 0.73440625 0.422294921875 0.6375078125
0 0.58675390625 0.638181640625 0.585986328125 0.734791015625 0.63670703125 0.73517578125 0.637474609375 0.63827734375
0 0.58675390625 0.72854296875 0.585986328125 0.82515234375 0.63670703125 0.825537109375 0.637474609375 0.728638671875
3 0.53937890625 0.729037109375 0.538609375 0.825646484375 0.58933203125 0.82603125 0.590099609375 0.7291328125
3 0.63240234375 0.72928515625 0.631634765625 0.825892578125 0.68235546875 0.82627734375 0.683123046875 0.72937890625
3 0.6326484375 0.63792578125 0.631880859375 0.734533203125 0.6826015625 0.73491796875 0.68337109375 0.63801953125
3 0.540859375 0.636689453125 0.54008984375 0.733298828125 0.5908125 0.73368359375 0.591580078125 0.63678515625
3 0.417978515625 0.63718359375 0.4172109375 0.73379296875 0.467931640625 0.734177734375 0.46869921875 0.637279296875
3 0.417732421875 0.72805078125 0.416962890625 0.824658203125 0.467685546875 0.82504296875 0.468453125 0.72814453125
3 0.324955078125 0.728296875 0.324185546875 0.82490625 0.374908203125 0.825291015625 0.37567578125 0.728392578125
3 0.325201171875 0.636443359375 0.32443359375 0.733052734375 0.375154296875 0.7334375 0.375923828125 0.6365390625
0 0.03154296875 0.524587890625 0.03154296875 0.57905078125 0.115982421875 0.57905078125 0.116466796875 0.52417578125
5 0.03154296875 0.478970703125 0.03105859375 0.530974609375 0.118408203125 0.532431640625 0.11986328125 0.4795
5 0.03154296875 0.57214453125 0.032029296875 0.6237265625 0.1174375 0.624212890625 0.115982421875 0.570310546875
0 0.416681640625 0.32845703125 0.416681640625 0.428814453125 0.47036328125 0.427484375 0.470095703125 0.327498046875
5 0.369380859375 0.32845703125 0.368583984375 0.42961328125 0.422794921875 0.42721875 0.423857421875 0.329359375