0 0.530541015625 0.5258828125 0.53155078125 0.57907421875 0.619693359375 0.5777265625 0.620365234375 0.525544921875
5 0.52953125 0.479068359375 0.5291953125 0.53160546875 0.619357421875 0.530259765625 0.61901953125 0.477740234375
5 0.533232421875 0.571921875 0.53222265625 0.6245234375 0.617001953125 0.624185546875 0.617673828125 0.572677734375
0 0.87167578125 0.727349609375 0.871001953125 0.825056640625 0.922810546875 0.825392578125 0.922810546875 0.726751953125
0 0.871337890625 0.637125 0.870666015625 0.73483203125 0.922474609375 0.735169921875 0.922474609375 0.636529296875
3 0.825583984375 0.728021484375 0.824912109375 0.82573046875 0.876720703125 0.82606640625 0.876720703125 0.72742578125
3 0.824576171875 0.636451171875 0.82390234375 0.734158203125 0.875712890625 0.73449609375 0.875712890625 0.63585546875
3 0.917427734375 0.636115234375 0.916755859375 0.733822265625 0.968564453125 0.734158203125 0.968564453125 0.63551953125
3 0.917765625 0.7286953125 0.917091796875 0.82640234375 0.96890234375 0.826740234375 0.96890234375 0.728099609375
0 0.91738671875 0.3283046875 0.91738671875 0.42759765625 0.970689453125 0.42759765625 0.970052734375 0.32687109375
5 0.870244140625 0.32745703125 0.869818359375 0.42759765625 0.923970703125 0.427810546875 0.923333984375 0.3275078125