0 0.888984375 0.83971484375 0.88925 0.869078125 0.9694140625 0.86934375 0.9694140625 0.83976171875
0 0.88871875 0.906875 0.888984375 0.936236328125 0.969146484375 0.93650390625 0.969146484375 0.906921875
0 0.888984375 0.77362109375 0.88925 0.80169140625 0.97127734375 0.801958984375 0.971810546875 0.773974609375
0 0.89058203125 0.706994140625 0.89084765625 0.735064453125 0.972875 0.73533203125 0.973408203125 0.707349609375
0 0.890048828125 0.63870703125 0.89031640625 0.668439453125 0.97234375 0.668705078125 0.972076171875 0.638974609375
0 0.889783203125 0.5734140625 0.890048828125 0.60314453125 0.972076171875 0.603412109375 0.971810546875 0.5736796875
0 0.890048828125 0.506521484375 0.89031640625 0.536251953125 0.97234375 0.536517578125 0.972076171875 0.506787109375
0 0.888984375 0.439361328125 0.88925 0.469091796875 0.97127734375 0.469359375 0.97101171875 0.439626953125
0 0.888984375 0.37246875 0.88925 0.40219921875 0.97127734375 0.40246484375 0.97101171875 0.372734375
0 0.888451171875 0.30557421875 0.88871875 0.335306640625 0.97074609375 0.335572265625 0.970478515625 0.305841796875
0 0.887119140625 0.23921484375 0.88738671875 0.2689453125 0.9694140625 0.269212890625 0.969146484375 0.239482421875
6 0.8888671875 0.865234375 0.8888671875 0.91041015625 0.96796875 0.911583984375 0.967578125 0.86604296875
4 0.888314453125 0.7988125 0.887962890625 0.843294921875 0.97061328125 0.84441796875 0.971265625 0.799162109375
6 0.890064453125 0.732615234375 0.889712890625 0.77709765625 0.97236328125 0.778220703125 0.973015625 0.732966796875
6 0.889712890625 0.665369140625 0.88936328125 0.709849609375 0.972013671875 0.71097265625 0.972666015625 0.66571875
6 0.889712890625 0.59812109375 0.88936328125 0.6426015625 0.972013671875 0.6437265625 0.972666015625 0.598470703125
4 0.88936328125 0.531224609375 0.889013671875 0.575705078125 0.9716640625 0.576828125 0.972314453125 0.53157421875
4 0.889013671875 0.465376953125 0.8886640625 0.509859375 0.971314453125 0.510982421875 0.97196484375 0.465728515625
4 0.8886640625 0.398830078125 0.888314453125 0.4433125 0.97096484375 0.444435546875 0.971615234375 0.399181640625
4 0.88761328125 0.332283203125 0.887263671875 0.376765625 0.9699140625 0.377888671875 0.970564453125 0.332634765625
4 0.8869140625 0.26538671875 0.886564453125 0.3098671875 0.96921484375 0.3109921875 0.969865234375 0.265736328125
5 0.886564453125 0.191833984375 0.8869140625 0.242302734375 0.968814453125 0.24300390625 0.969515625 0.192185546875
5 0.887962890625 0.147703125 0.888314453125 0.198171875 0.97021484375 0.198873046875 0.970916015625 0.1480546875
0 0.92296484375 0.108501953125 0.890763671875 0.13516796875 0.890763671875 0.147775390625 0.971615234375 0.1484765625 0.971615234375 0.109248046875