0 0.47362890625 0.60983984375 0.419517578125 0.609857421875 0.3927734375 0.6297734375 0.3927734375 0.6524921875 0.47207421875 0.65155859375
5 0.391216796875 0.648400390625 0.390595703125 0.69792578125 0.47331640625 0.697615234375 0.4726953125 0.64782421875
5 0.389041015625 0.69287109375 0.387796875 0.74305078125 0.471140625 0.743361328125 0.472384765625 0.69232421875
0 0.38717578125 0.7388984375 0.38717578125 0.768537109375 0.470830078125 0.76884765625 0.47020703125 0.73990625
0 0.38873046875 0.8058046875 0.38873046875 0.835443359375 0.472384765625 0.835755859375 0.47176171875 0.806814453125
0 0.388107421875 0.87208984375 0.388107421875 0.901728515625 0.47176171875 0.902041015625 0.471140625 0.873099609375
0 0.38873046875 0.93930859375 0.38873046875 0.96894921875 0.472384765625 0.969259765625 0.47176171875 0.940318359375
3 0.38841796875 0.964671875 0.38873046875 0.998046875 0.474873046875 0.998046875 0.473939453125 0.96509375
4 0.38841796875 0.89812109375 0.387796875 0.94362109375 0.4726953125 0.944244140625 0.47207421875 0.897875
4 0.387796875 0.83094921875 0.387486328125 0.87578125 0.47176171875 0.876091796875 0.47176171875 0.83158984375
4 0.38686328125 0.76501953125 0.3862421875 0.809234375 0.47207421875 0.81048046875 0.47176171875 0.764734375