0 0.886904296875 0.7381171875 0.886904296875 0.768724609375 0.972955078125 0.76941015625 0.97226953125 0.739220703125
0 0.886904296875 0.805015625 0.886904296875 0.835623046875 0.972955078125 0.83630859375 0.97226953125 0.806119140625
0 0.887248046875 0.872255859375 0.887248046875 0.90286328125 0.973298828125 0.903548828125 0.97261328125 0.873359375
0 0.88793359375 0.93846875 0.88793359375 0.969076171875 0.973984375 0.96976171875 0.973298828125 0.939572265625
4 0.887591796875 0.897875 0.88793359375 0.9435859375 0.971927734375 0.943927734375 0.9712421875 0.89830078125
3 0.888619140625 0.964728515625 0.8893046875 0.998046875 0.975013671875 0.998046875 0.972955078125 0.96485546875
4 0.887248046875 0.8310234375 0.88793359375 0.876001953125 0.972955078125 0.87703125 0.97226953125 0.83140234375
4 0.887591796875 0.763828125 0.886904296875 0.80950390625 0.972955078125 0.810189453125 0.972955078125 0.76421875
5 0.8865625 0.692177734375 0.88621875 0.7440078125 0.971583984375 0.7443515625 0.971927734375 0.693234375
0 0.969978515625 0.609673828125 0.97022265625 0.65425 0.89237109375 0.65327734375 0.89237109375 0.63550390625 0.92010546875 0.60896875
5 0.890423828125 0.647138671875 0.88896484375 0.697828125 0.971681640625 0.697341796875 0.9711953125 0.646458984375