0 0.88875 0.33912109375 0.9698828125 0.33912109375 0.9698828125 0.37021484375 0.88875 0.37021484375
0 0.889111328125 0.27327148437500004 0.9717480468749999 0.27327148437500004 0.9717480468749999 0.302119140625 0.889111328125 0.302119140625
0 0.890615234375 0.207041015625 0.9732519531249999 0.207041015625 0.9732519531249999 0.235888671875 0.890615234375 0.235888671875
0 0.890615234375 0.13893554687499998 0.9732519531249999 0.13893554687499998 0.9732519531249999 0.167783203125 0.890615234375 0.167783203125
0 0.889873046875 0.072705078125 0.9725097656249999 0.072705078125 0.9725097656249999 0.101552734375 0.889873046875 0.101552734375
0 0.8887597656249999 0.006103515625 0.971396484375 0.006103515625 0.971396484375 0.034951171875 0.8887597656249999 0.034951171875
4 0.88875 0.0306640625 0.9725 0.0306640625 0.9725 0.07640625000000001 0.88875 0.07640625000000001
4 0.88875 0.0961328125 0.9725 0.0961328125 0.9725 0.141875 0.88875 0.141875
4 0.88875 0.164609375 0.9725 0.164609375 0.9725 0.21035156249999998 0.88875 0.21035156249999998
6 0.88875 0.23158203125 0.9725 0.23158203125 0.9725 0.27732421875 0.88875 0.27732421875
4 0.8880078125 0.2978125 0.9717578125 0.2978125 0.9717578125 0.3435546875 0.8880078125 0.3435546875
6 0.88689453125 0.36478515624999996 0.9706445312499999 0.36478515624999996 0.9706445312499999 0.41052734375 0.88689453125 0.41052734375
0 0.88763671875 0.40646484374999997 0.96876953125 0.40646484374999997 0.96876953125 0.43755859375 0.88763671875 0.43755859375