0 0.664390625 0.3758359375 0.664765625 0.47830859375 0.71442578125 0.47830859375 0.71442578125 0.374779296875
5 0.710287109375 0.387875 0.710287109375 0.4771796875 0.76634375 0.477556640625 0.76521484375 0.386826171875
5 0 0.796560546875 0.051865234375 0.7729375 0.053146484375 0.82483984375 0 0.8482265625
0 0 0.648005859375 0.055068359375 0.617279296875 0.053466796875 0.731013671875 0.0003203125 0.751197265625
5 0.0003203125 0.747255859375 0.053466796875 0.725568359375 0.051865234375 0.779392578125 0 0.802458984375
5 0.000640625 0.5951796875 0.052826171875 0.565107421875 0.051865234375 0.62533984375 0 0.653212890625
3 0.0003203125 0.38707421875 0.055068359375 0.357349609375 0.055388671875 0.410533203125 0 0.440328125
0 0 0.342892578125 0.053787109375 0.31473828125 0.054107421875 0.3656796875 0.000640625 0.392271484375
5 0.000640625 0.293908203125 0.054107421875 0.26769140625 0.054107421875 0.318953125 0.0003203125 0.345865234375
0 0.0003203125 0.00640234375 0.028814453125 0.026287109375 0.055388671875 0.06024609375 0 0.08972265625
5 0 0.0826015625 0.053787109375 0.055439453125 0.055388671875 0.114068359375 0.00128125 0.14001953125