0 0.6890859375 0.458505859375 0.68875390625 0.53822265625 0.741505859375 0.53755859375 0.741173828125 0.458875
5 0.736197265625 0.458837890625 0.736859375 0.54021484375 0.78695703125 0.54021484375 0.785630859375 0.45721484375
5 0.644296875 0.456515625 0.6449609375 0.537228515625 0.69439453125 0.536564453125 0.69439453125 0.455888671875
0 0.31750390625 0.466798828125 0.3178359375 0.541912109375 0.239537109375 0.541248046875
5 0.259775390625 0.458505859375 0.180482421875 0.537591796875 0.25280859375 0.538919921875 0.319494140625 0.465548828125
0 0.2966015625 0.562681640625 0.217640625 0.641755859375 0.320490234375 0.643416015625 0.319826171875 0.562076171875
5 0.225603515625 0.56069140625 0.14830078125 0.640095703125 0.225271484375 0.641091796875 0.30257421875 0.562408203125
0 0.216314453125 0.739599609375 0.298591796875 0.838841796875 0.3178359375 0.8405 0.318498046875 0.73891015625
5 0.153609375 0.739185546875 0.237546875 0.838509765625 0.3022421875 0.837845703125 0.220626953125 0.73891015625
0 0.23153125 0.260265625 0.28799609375 0.35791796875 0.310046875 0.358919921875 0.310046875 0.261294921875
5 0.176740234375 0.25959765625 0.235541015625 0.360591796875 0.295345703125 0.359923828125 0.237546875 0.2592890625
5 0.305369140625 0.261267578125 0.305369140625 0.359587890625 0.357822265625 0.359923828125 0.359158203125 0.2626328125