0 0.03240625 0.0243046875 0.0317578125 0.0768671875 0.118931640625 0.0768671875 0.119580078125 0.02368359375
5 0.03240625 0.07129296875 0.0330546875 0.124537109375 0.118931640625 0.123888671875 0.118283203125 0.071677734375
0 0.3720234375 0.1364296875 0.3720234375 0.232458984375 0.42225390625 0.232458984375 0.42290234375 0.136470703125
0 0.371376953125 0.22852734375 0.371376953125 0.324556640625 0.42160546875 0.324556640625 0.42225390625 0.228568359375
0 0.58623046875 0.22917578125 0.58623046875 0.325205078125 0.636458984375 0.325205078125 0.637107421875 0.229216796875
0 0.58623046875 0.138701171875 0.58623046875 0.234728515625 0.636458984375 0.234728515625 0.637107421875 0.138740234375
3 0.63224609375 0.138701171875 0.63224609375 0.234728515625 0.6824765625 0.234728515625 0.683125 0.138740234375
3 0.63224609375 0.22982421875 0.63224609375 0.325853515625 0.6824765625 0.325853515625 0.683125 0.229865234375
3 0.539564453125 0.2288515625 0.539564453125 0.324880859375 0.589794921875 0.324880859375 0.590443359375 0.228892578125
3 0.539564453125 0.138052734375 0.539564453125 0.234080078125 0.589794921875 0.234080078125 0.590443359375 0.138091796875
3 0.417716796875 0.13675390625 0.417716796875 0.232783203125 0.467947265625 0.232783203125 0.468595703125 0.136794921875
3 0.417392578125 0.228203125 0.417392578125 0.324232421875 0.467623046875 0.324232421875 0.468271484375 0.228244140625
3 0.32503515625 0.228203125 0.32503515625 0.324232421875 0.375265625 0.324232421875 0.3759140625 0.228244140625
3 0.3247109375 0.13675390625 0.3247109375 0.232783203125 0.37494140625 0.232783203125 0.37558984375 0.136794921875