0 0.53153515625 0.347330078125 0.552064453125 0.3241015625 0.477716796875 0.257474609375 0.457060546875 0.27894140625
0 0.60158203125 0.412884765625 0.622111328125 0.38965625 0.54776171875 0.32303125 0.52710546875 0.34449609375
0 0.528763671875 0.49230859375 0.54929296875 0.469080078125 0.4749453125 0.402453125 0.4542890625 0.423919921875
0 0.45871875 0.426248046875 0.479248046875 0.40301953125 0.4048984375 0.336392578125 0.384244140625 0.357859375
0 0.37808984375 0.5139765625 0.398619140625 0.49075 0.324271484375 0.424123046875 0.303615234375 0.44558984375
0 0.44813671875 0.57928125 0.468666015625 0.556052734375 0.39431640625 0.48942578125 0.37366015625 0.510892578125
0 0.59633984375 0.726796875 0.616869140625 0.7035703125 0.54251953125 0.636943359375 0.52186328125 0.65841015625
0 0.63878515625 0.673505859375 0.65862890625 0.651439453125 0.589818359375 0.588033203125 0.5691640625 0.6095
0 0.683765625 0.62341796875 0.703611328125 0.6013515625 0.63480078125 0.5379453125 0.61414453125 0.559412109375
0 0.794193359375 0.712458984375 0.814037109375 0.69039453125 0.745228515625 0.62698828125 0.724572265625 0.648455078125
0 0.71184375 0.803767578125 0.742853515625 0.770759765625 0.67404296875 0.707353515625 0.6433984375 0.740751953125
3 0.743765625 0.630181640625 0.812068359375 0.694068359375 0.841501953125 0.6604609375 0.772822265625 0.597021484375
3 0.698861328125 0.680404296875 0.767162109375 0.744291015625 0.796595703125 0.71068359375 0.72791796875 0.647244140625
3 0.671314453125 0.709859375 0.739615234375 0.77374609375 0.769048828125 0.740138671875 0.70037109375 0.67669921875
4 0.5422578125 0.6388671875 0.610560546875 0.70275390625 0.639994140625 0.669146484375 0.571314453125 0.60570703125
4 0.587541015625 0.589400390625 0.655841796875 0.653287109375 0.685275390625 0.6196796875 0.61659765625 0.556240234375
3 0.6309375 0.53928515625 0.70037109375 0.603818359375 0.7298046875 0.5702109375 0.661125 0.506771484375
3 0.472826171875 0.403748046875 0.546033203125 0.47366796875 0.57773046875 0.43968359375 0.503013671875 0.371234375
3 0.50075 0.37429296875 0.57395703125 0.44421484375 0.605654296875 0.410228515625 0.5309375 0.341779296875
3 0.4294296875 0.30783203125 0.50263671875 0.37775390625 0.534333984375 0.34376953125 0.4596171875 0.2753203125
3 0.401505859375 0.338796875 0.474712890625 0.40871875 0.50641015625 0.374732421875 0.431693359375 0.306283203125
3 0.353203125 0.3932890625 0.427166015625 0.4608828125 0.4618828125 0.423068359375 0.387166015625 0.354619140625
3 0.321505859375 0.426142578125 0.395466796875 0.493736328125 0.43018359375 0.455919921875 0.35546875 0.387470703125
3 0.391693359375 0.492603515625 0.46565625 0.5601953125 0.500373046875 0.522380859375 0.42565625 0.453931640625
3 0.423392578125 0.458994140625 0.497353515625 0.526587890625 0.5320703125 0.4887734375 0.457353515625 0.42032421875
3 0.546705078125 0.325337890625 0.619912109375 0.395259765625 0.651609375 0.3612734375 0.576892578125 0.29282421875
3 0.47604296875 0.25858203125 0.54925 0.32850390625 0.580947265625 0.294517578125 0.50623046875 0.226068359375