0 0.30705078125 0.692841796875 0.286634765625 0.71334765625 0.357044921875 0.77921875 0.376208984375 0.758791015625
0 0.35287890625 0.776166015625 0.42412109375 0.842978515625 0.44328515625 0.82171484375 0.372876953125 0.75626171875
0 0.3612109375 0.63534765625 0.43453515625 0.703763671875 0.467865234375 0.66916015625 0.394123046875 0.598701171875
0 0.427869140625 0.69533984375 0.4986953125 0.761296875 0.52869140625 0.725859375 0.4616171875 0.663740234375
3 0.33121484375 0.665408203125 0.401623046875 0.731279296875 0.43453515625 0.695841796875 0.3637109375 0.632470703125
3 0.3041328125 0.69533984375 0.374125 0.761296875 0.405373046875 0.72752734375 0.334962890625 0.66248828125
3 0.370376953125 0.7567109375 0.44328515625 0.822998046875 0.47078125 0.789228515625 0.401623046875 0.723357421875
3 0.39870703125 0.72825390625 0.47078125 0.7933984375 0.4986953125 0.760462890625 0.430787109375 0.694591796875
3 0.287052734375 0.709921875 0.360376953125 0.7763046875 0.327880859375 0.81007421875 0.2570546875 0.7408671875
3 0.354544921875 0.77075 0.325796875 0.807109375 0.39745703125 0.872982421875 0.425787109375 0.839212890625
0 0.63598828125 0.9153203125 0.61896875 0.93652734375 0.687044921875 0.998046875 0.692224609375 0.998046875 0.706654296875 0.981326171875
0 0.55200390625 0.87425390625 0.622298828125 0.939119140625 0.639318359375 0.919126953125 0.5690234375 0.85581640625
0 0.595662109375 0.821755859375 0.663736328125 0.888767578125 0.680384765625 0.870255859375 0.611939453125 0.806576171875
0 0.66040625 0.886462890625 0.732921875 0.952078125 0.74698046875 0.935046875 0.676685546875 0.869146484375
4 0.63487890625 0.91901953125 0.70443359375 0.982806640625 0.732552734375 0.949115234375 0.66188671875 0.886546875
4 0.567173828125 0.857603515625 0.639318359375 0.9235703125 0.66706640625 0.887658203125 0.598251953125 0.820275390625
4 0.554224609375 0.87173828125 0.625259765625 0.935787109375 0.593810546875 0.971330078125 0.520556640625 0.902103515625
4 0.5897421875 0.96909375 0.6208203125 0.931701171875 0.69185546875 0.998046875 0.61933984375 0.998046875
0 0.51056640625 0.91901953125 0.578642578125 0.9842734375 0.596771484375 0.966501953125 0.52721484375 0.900970703125
0 0.577162109375 0.98228515625 0.593810546875 0.96428125 0.6322890625 0.998046875 0.5919609375 0.998046875
5 0.481708984375 0.949357421875 0.53128515625 0.9976015625 0.564212890625 0.998046875 0.581232421875 0.982052734375 0.512787109375 0.91541015625