0 0.174640625 0.207748046875 0.240853515625 0.268890625 0.208658203125 0.3005 0.144876953125 0.237583984375
0 0.225060546875 0.148265625 0.295828125 0.21269921875 0.314658203125 0.1923359375 0.246625 0.12729296875
0 0.13424609375 0.038876953125 0.115416015625 0.05959765625 0.18375390625 0.123119140625 0.20349609375 0.10184375
0 0.09020703125 0.08716796875 0.06925 0.106369140625 0.137890625 0.172322265625 0.1579375 0.151046875
0 0.0446484375 0.13698046875 0.02369140625 0.15770703125 0.094458984375 0.221837890625 0.112681640625 0.20238671875
3 0.16158203125 0.008201171875 0.2314375 0.072064453125 0.20106640625 0.10428125 0.13151171875 0.03954296875
4 0.117541015625 0.057404296875 0.186791015625 0.120693359375 0.155203125 0.153822265625 0.0862578125 0.0884765625
4 0.070767578125 0.10392578125 0.13941015625 0.168056640625 0.109947265625 0.201490234375 0.038876953125 0.13614453125
3 0.244193359375 0.12943359375 0.3128359375 0.194171875 0.341689453125 0.16104296875 0.274263671875 0.09751953125
3 0.226275390625 0.144572265625 0.29673828125 0.20815234375 0.265150390625 0.2415859375 0.198634765625 0.18019140625
3 0.201673828125 0.17616015625 0.26727734375 0.239154296875 0.238119140625 0.272890625 0.171908203125 0.209671875
0 0.90297265625 0.75421875 0.9779921875 0.82169140625 0.998046875 0.797376953125 0.998046875 0.789169921875 0.930306640625 0.7256484375
0 0.83372265625 0.68854296875 0.905705078125 0.7572578125 0.93243359375 0.7286875 0.861666015625 0.659408203125
0 0.8373671875 0.827345703125 0.818232421875 0.85112890625 0.88808984375 0.9155625 0.909349609375 0.89793359375
0 0.76477734375 0.76265234375 0.745947265625 0.780935546875 0.81883984375 0.850232421875 0.840708984375 0.829564453125
3 0.834330078125 0.82895703125 0.871689453125 0.789142578125 0.94701171875 0.8553984375 0.9063125 0.896734375
3 0.86834765625 0.793630859375 0.9433671875 0.861478515625 0.981029296875 0.818623046875 0.90509765625 0.7517578125
3 0.797275390625 0.72802734375 0.870474609375 0.794951171875 0.909046875 0.7530078125 0.835849609375 0.686447265625
3 0.801529296875 0.723775390625 0.762044921875 0.76455859375 0.837064453125 0.83203125 0.875029296875 0.791607421875
5 0.928767578125 0.731662109375 0.96237109375 0.69699609375 0.889232421875 0.62861328125 0.8564765625 0.6628046875
5 0.9262265625 0.727708984375 0.998046875 0.79476953125 0.998046875 0.727515625 0.96039453125 0.691345703125