0 0.530755859375 0.846279296875 0.5498671875 0.825880859375 0.477248046875 0.758056640625 0.4578828125 0.7787109375
0 0.6021015625 0.911810546875 0.6212109375 0.891412109375 0.548591796875 0.8235859375 0.529228515625 0.844240234375
0 0.528462890625 0.991107421875 0.54757421875 0.9707109375 0.474955078125 0.902884765625 0.45558984375 0.9235390625
0 0.457626953125 0.924814453125 0.47673828125 0.904416015625 0.404119140625 0.83658984375 0.38475390625 0.857244140625
3 0.428509765625 0.8074375 0.503783203125 0.878134765625 0.534271484375 0.84446875 0.45941796875 0.775876953125
3 0.499998046875 0.87371484375 0.575271484375 0.944412109375 0.605759765625 0.91074609375 0.53090625 0.842154296875
3 0.472455078125 0.904224609375 0.547728515625 0.974919921875 0.57821484375 0.941255859375 0.50336328125 0.8726640625
3 0.400966796875 0.837751953125 0.47623828125 0.90844921875 0.5067265625 0.874783203125 0.431875 0.80619140625
3 0.35281640625 0.89069140625 0.4270390625 0.960125 0.4606796875 0.923177734375 0.385828125 0.854583984375
3 0.45689453125 0.920728515625 0.422623046875 0.95884375 0.467197265625 0.998046875 0.52480859375 0.998046875 0.53216796875 0.989984375
3 0.42577734375 0.95437109375 0.39150390625 0.990193359375 0.4026484375 0.998046875 0.475818359375 0.998046875
3 0.355970703125 0.889216796875 0.32106640625 0.92393359375 0.394869140625 0.993998046875 0.431244140625 0.956755859375
0 0.325482421875 0.9228671875 0.302984375 0.942013671875 0.365853515625 0.998046875 0.392765625 0.998046875 0.39865234375 0.991880859375
3 0.577201171875 0.79214453125 0.54573828125 0.82544140625 0.6198359375 0.89458984375 0.65188671875 0.858986328125
3 0.475462890625 0.76038671875 0.54808984375 0.8292890625 0.580435546875 0.793685546875 0.50692578125 0.725126953125