0 0.074876953125 0.481541015625 0.145900390625 0.546828125 0.164068359375 0.527544921875 0.092494140625 0.46253515625
0 0.11726953125 0.4347109375 0.18829296875 0.499998046875 0.2064609375 0.48071484375 0.134888671875 0.415703125
0 0.16021484375 0.38760546875 0.231236328125 0.452892578125 0.24940625 0.433609375 0.17783203125 0.36859765625
0 0.050927734375 0.373005859375 0.12194921875 0.43829296875 0.140119140625 0.419009765625 0.068544921875 0.353998046875
0 0.00770703125 0.4198359375 0.07873046875 0.485123046875 0.096900390625 0.46583984375 0.025326171875 0.400828125
0 0.090568359375 0.32314453125 0.16158984375 0.388431640625 0.179759765625 0.3691484375 0.108185546875 0.304138671875
4 0.1332421875 0.417806640625 0.205287109375 0.484927734375 0.2347734375 0.45124609375 0.163005859375 0.384439453125
4 0.089291015625 0.464572265625 0.161337890625 0.53169140625 0.190822265625 0.498009765625 0.1190546875 0.431205078125
4 0.02253125 0.40221875 0.094576171875 0.46933984375 0.1240625 0.435658203125 0.052294921875 0.3688515625
4 0.0648125 0.35517578125 0.136857421875 0.422296875 0.16634375 0.388615234375 0.094576171875 0.32180859375
3 0.04756640625 0.512171875 0.119611328125 0.579291015625 0.14909765625 0.545609375 0.077330078125 0.4788046875
3 0 0.439541015625 0 0.46765625 0.0514609375 0.51526953125 0.080947265625 0.481587890625 0.0091796875 0.41478125