0 0.57542578125 0.481763671875 0.646091796875 0.546375 0.6634765625 0.527013671875 0.592810546875 0.463033203125
0 0.61776953125 0.43462109375 0.688435546875 0.499232421875 0.7058203125 0.47987109375 0.635154296875 0.415890625
0 0.660953125 0.3880390625 0.731619140625 0.452650390625 0.74732421875 0.434431640625 0.67833984375 0.36930859375
0 0.55102734375 0.372884765625 0.6216953125 0.437498046875 0.639080078125 0.418134765625 0.5684140625 0.354154296875
0 0.507283203125 0.419466796875 0.57794921875 0.484080078125 0.595333984375 0.464716796875 0.52466796875 0.400736328125
0 0.59365234375 0.325181640625 0.664318359375 0.38979296875 0.680021484375 0.37157421875 0.6110390625 0.30644921875
0 0.306220703125 0.192650390625 0.28658984375 0.2134375 0.3572578125 0.2791015625 0.37688671875 0.257212890625
0 0.3729609375 0.254384765625 0.35333203125 0.275171875 0.423998046875 0.3408359375 0.443626953125 0.318947265625
0 0.461013671875 0.16182421875 0.42988671875 0.19379296875 0.500552734375 0.25945703125 0.52915625 0.228048828125
0 0.3939921875 0.1006953125 0.360623046875 0.134583984375 0.4312890625 0.200248046875 0.4626953125 0.163833984375
3 0.57752734375 0.47894921875 0.547685546875 0.513001953125 0.617888671875 0.576400390625 0.646998046875 0.54384375
4 0.621068359375 0.432576171875 0.5912265625 0.46662890625 0.6614296875 0.530025390625 0.6905390625 0.497470703125
4 0.664609375 0.38519921875 0.634767578125 0.419251953125 0.704970703125 0.482650390625 0.734080078125 0.45009375
4 0.596119140625 0.32106640625 0.566275390625 0.355119140625 0.63648046875 0.418517578125 0.665587890625 0.3859609375
4 0.5533125 0.370267578125 0.52346875 0.4043203125 0.593671875 0.46771875 0.62278125 0.435162109375
3 0.5116171875 0.417265625 0.4832421875 0.450142578125 0.551732421875 0.51525390625 0.5810859375 0.48216015625
3 0.430751953125 0.193046875 0.399166015625 0.22794921875 0.46856640625 0.2914375 0.50243359375 0.25589453125
3 0.3626875 0.13287109375 0.33307421875 0.166748046875 0.402474609375 0.230236328125 0.434041015625 0.194072265625
3 0.33539453125 0.162814453125 0.303169921875 0.194072265625 0.375181640625 0.260177734375 0.404447265625 0.227306640625
3 0.25713671875 0.24209375 0.328490234375 0.308890625 0.358083984375 0.277958984375 0.288373046875 0.211822265625
3 0.325529296875 0.306458984375 0.397212890625 0.371685546875 0.4258203125 0.34009765625 0.355123046875 0.273958984375