3 0.238060546875 0.350189453125 0.26972265625 0.316158203125 0.343603515625 0.38539453125 0.310767578125 0.4217734375
3 0.16751171875 0.282736328125 0.199173828125 0.248705078125 0.2730546875 0.31794140625 0.24021875 0.3543203125
0 0.140240234375 0.313099609375 0.16918359375 0.281859375 0.243064453125 0.35109765625 0.214787109375 0.384267578125
0 0.2087890625 0.377123046875 0.237734375 0.3458828125 0.31161328125 0.41512109375 0.2833359375 0.448291015625
0 0.979236328125 0.904609375 0.959119140625 0.926451171875 0.885140625 0.857615234375 0.904609375 0.8361875
3 0.92505078125 0.960185546875 0.9607421875 0.922845703125 0.886763671875 0.854662109375 0.85237109375 0.892326171875
3 0.856263671875 0.88903515625 0.9302421875 0.957912109375 0.89519921875 0.99362890625 0.82251953125 0.924794921875
3 0.923103515625 0.957171875 0.97080078125 0.998046875 0.998046875 0.998046875 0.998046875 0.9585625 0.958470703125 0.921546875
3 0.92634765625 0.954576171875 0.892279296875 0.99135546875 0.902662109375 0.998046875 0.975341796875 0.998046875
3 0.932513671875 0.805322265625 0.901041015625 0.83846484375 0.976640625 0.907623046875 0.998046875 0.883271484375 0.99740625 0.864765625
3 0.961390625 0.7751484375 0.92959375 0.809916015625 0.998046875 0.875177734375 0.99773046875 0.808291015625
0 0.978587890625 0.757951171875 0.958146484375 0.778107421875 0.998046875 0.816421875 0.998046875 0.775509765625
0 0.824791015625 0.922455078125 0.804025390625 0.943609375 0.86340234375 0.998046875 0.892279296875 0.9975078125 0.89941796875 0.9900390625