0 0.589193359375 0.547740234375 0.644884765625 0.5450078125 0.639189453125 0.438296875 0.584130859375 0.440830078125
0 0.486669921875 0.5537578125 0.542361328125 0.551025390625 0.536666015625 0.444314453125 0.481607421875 0.44684765625
0 0.384462890625 0.56072265625 0.440154296875 0.557990234375 0.434458984375 0.45128125 0.379400390625 0.453814453125
3 0.640279296875 0.54492578125 0.696474609375 0.542857421875 0.691037109375 0.436193359375 0.6344765625 0.43764453125
4 0.53694921875 0.55000390625 0.593146484375 0.5479375 0.58770703125 0.441271484375 0.5311484375 0.44272265625
4 0.43543359375 0.556171875 0.49162890625 0.55410546875 0.48619140625 0.447439453125 0.4296328125 0.448890625
3 0.3335546875 0.56233984375 0.38975 0.5602734375 0.3843125 0.453607421875 0.32775390625 0.45505859375
3 0.2820703125 0.562703125 0.338267578125 0.56063671875 0.332828125 0.453970703125 0.27626953125 0.455421875
0 0.2802578125 0.4582734375 0.288234375 0.565712890625 0.179466796875 0.568251953125 0.176203125 0.466666015625
0 0.1805546875 0.562716796875 0.28787109375 0.56017578125 0.293310546875 0.68316796875 0.261404296875 0.65668359375 0.207021484375 0.636728515625 0.172578125 0.62947265625
5 0.282794921875 0.56087890625 0.288234375 0.680271484375 0.34334375 0.6755546875 0.33862890625 0.557279296875