0 0.7457734375 0.12653125 0.72510546875 0.1475625 0.793412109375 0.21030859375 0.814080078125 0.190677734375
0 0.59059375 0.08762109375 0.56992578125 0.108654296875 0.638232421875 0.1713984375 0.658900390625 0.15176953125
0 0.635080078125 0.038546875 0.6144140625 0.059578125 0.682720703125 0.12232421875 0.70338671875 0.1026953125
0 0.5450546875 0.137748046875 0.524388671875 0.158779296875 0.5926953125 0.221525390625 0.613361328125 0.201896484375
0 0.677466796875 0.21017578125 0.74016796875 0.2695078125 0.710392578125 0.3010546875 0.64558984375 0.2428671875
3 0.673962890625 0.212978515625 0.739818359375 0.2744140625 0.768541015625 0.2372578125 0.70128515625 0.1759140625
3 0.7275390625 0.146484375 0.79609375 0.207873046875 0.765625 0.24051171875 0.6984375 0.179533203125
3 0.74375 0.128544921875 0.8125 0.19304296875 0.8421875 0.161185546875 0.773046875 0.0961015625
3 0.66328125 0.0083984375 0.731640625 0.072515625 0.70078125 0.103787109375 0.630859375 0.038703125
4 0.61640625 0.05703125 0.685546875 0.1207734375 0.6552734375 0.154 0.5859375 0.088916015625
4 0.57168359375 0.106359375 0.64066796875 0.1701640625 0.60855859375 0.202294921875 0.541080078125 0.138033203125