0 0.226009765625 0.64911328125 0.29414453125 0.710685546875 0.315083984375 0.691060546875 0.246283203125 0.627869140625
0 0.114001953125 0.5593125 0.18213671875 0.6208828125 0.203076171875 0.601259765625 0.134275390625 0.53806640625
0 0.0691328125 0.608869140625 0.137267578125 0.67044140625 0.15820703125 0.65081640625 0.08940625 0.587625
0 0.0239296875 0.65842578125 0.09206640625 0.719998046875 0.11300390625 0.700375 0.044205078125 0.637181640625
0 0.175822265625 0.70794140625 0.2406328125 0.76923046875 0.210056640625 0.799830078125 0.145244140625 0.740626953125
3 0.16252734375 0.508521484375 0.230662109375 0.571765625 0.199419921875 0.60336328125 0.130287109375 0.538505859375
4 0.1169921875 0.557080078125 0.18512890625 0.62032421875 0.15388671875 0.651921875 0.08475390625 0.587064453125
4 0.072455078125 0.60663671875 0.140591796875 0.669880859375 0.109349609375 0.701478515625 0.040216796875 0.636623046875
3 0.2283359375 0.646880859375 0.296470703125 0.710125 0.265228515625 0.74172265625 0.196095703125 0.6768671875
3 0.274203125 0.597990234375 0.342337890625 0.661234375 0.311095703125 0.692830078125 0.241962890625 0.627974609375
3 0.20108203125 0.6771484375 0.269216796875 0.740392578125 0.237974609375 0.77198828125 0.168841796875 0.7071328125
0 0.028119140625 0.34358203125 0.10221484375 0.412787109375 0.121974609375 0.391873046875 0.0471171875 0.323048828125
0 0.001140625 0.424060546875 0.048638671875 0.470962890625 0.028498046875 0.490736328125 0 0.465640625
0 0.000380859375 0.318806640625 0.032298828125 0.34928515625 0.053197265625 0.3279921875 0 0.2758984375
3 0.04673828125 0.325330078125 0.120455078125 0.395294921875 0.15693359375 0.358791015625 0.07827734375 0.291107421875
3 0.081697265625 0.29334765625 0.047876953125 0.327275390625 0.000380859375 0.2846875 0.001140625 0.222328125
3 0.032298828125 0.339705078125 0.000380859375 0.374380859375 0.0744765625 0.4458671875 0.107154296875 0.409744140625
3 0.002279296875 0.370484375 0.077896484375 0.4401640625 0.04521875 0.473625 0.001900390625 0.43255859375
3 0.001140625 0.459779296875 0.03191796875 0.4903046875 0.001900390625 0.520724609375