0 0.7513984375 0.725033203125 0.718076171875 0.75696484375 0.7942421875 0.828052734375 0.826099609375 0.79837109375
0 0.6832890625 0.65980859375 0.649966796875 0.691740234375 0.722470703125 0.761009765625 0.75579296875 0.73023046875
5 0.7481015625 0.727681640625 0.825703125 0.80233203125 0.86484375 0.76078125 0.787583984375 0.6899375
5 0.68037109375 0.66612109375 0.750484375 0.732537109375 0.790646484375 0.694048828125 0.7239375 0.631720703125
0 0.55750390625 0.52925390625 0.629658203125 0.594015625 0.589837890625 0.635908203125 0.51972265625 0.569833984375
0 0.489091796875 0.46692578125 0.56124609375 0.5316875 0.52142578125 0.573580078125 0.4513125 0.507505859375
5 0.592900390625 0.4911328125 0.554779296875 0.53307421875 0.628296875 0.597447265625 0.66233203125 0.553509765625
5 0.487048828125 0.470087890625 0.559205078125 0.536162109375 0.597666015625 0.493587890625 0.52653125 0.431259765625
0 0.428509765625 0.22730078125 0.404078125 0.256017578125 0.477759765625 0.32082421875 0.502189453125 0.294046875
0 0.357544921875 0.160943359375 0.33311328125 0.18966015625 0.40679296875 0.25446484375 0.431224609375 0.227689453125
3 0.425794921875 0.229185546875 0.500638671875 0.297568359375 0.531662109375 0.262642578125 0.459533203125 0.1931796875
5 0.3559921875 0.162873046875 0.42928515625 0.231986328125 0.4630234375 0.195509765625 0.38934375 0.128375
3 0.33427734375 0.186970703125 0.29782421875 0.227330078125 0.370728515625 0.295240234375 0.4095078125 0.254494140625
3 0.405630859375 0.250224609375 0.3668515625 0.2936875 0.442857421875 0.36159765625 0.4800859375 0.318912109375
3 0.369953125 0.288517578125 0.333888671875 0.330140625 0.4095078125 0.3972734375 0.445572265625 0.356916015625
3 0.33621484375 0.332337890625 0.37421875 0.29328515625 0.299375 0.223435546875 0.262146484375 0.26612109375
0 0.266025390625 0.263017578125 0.2470234375 0.282419921875 0.318765625 0.351494140625 0.339705078125 0.328986328125
0 0.333888671875 0.32583984375 0.315275390625 0.348734375 0.38973046875 0.414705078125 0.4095078125 0.393361328125