0 0.86562890625 0.10391796875 0.9415078125 0.17335546875 0.974955078125 0.136388671875 0.895580078125 0.0729453125
0 0.7959921875 0.038615234375 0.8706171875 0.107671875 0.902712890625 0.07475 0.822470703125 0.0121171875
0 0.18294921875 0.66359375 0.153259765625 0.6934453125 0.222662109375 0.76044921875 0.254201171875 0.728509765625
0 0.250822265625 0.72550390625 0.21928125 0.7589453125 0.29512890625 0.829208984375 0.32554296875 0.795392578125
0 0.058951171875 0.5286796875 0.01576953125 0.570828125 0.0912421875 0.63620703125 0.1276640625 0.5945
0 0.002251953125 0.47582421875 0.062705078125 0.53180859375 0.017271484375 0.58065625 0.000375 0.55961328125
5 0.247443359375 0.72889453125 0.321037109375 0.79878125 0.360837890625 0.758201171875 0.28799609375 0.690943359375
5 0.180607421875 0.666556640625 0.250447265625 0.7330625 0.291375 0.694361328125 0.223037109375 0.63198828125
3 0.053693359375 0.532130859375 0.1269140625 0.599013671875 0.1648359375 0.5565546875 0.092369140625 0.491927734375
3 0.025533203125 0.4314296875 0.09462109375 0.494212890625 0.05707421875 0.536296875 0.001126953125 0.48294140625 0.001501953125 0.449876953125
5 0.869880859375 0.101580078125 0.83120703125 0.1403359375 0.908552734375 0.20999609375 0.943615234375 0.170263671875
5 0.79459765625 0.0350625 0.874521484375 0.104216796875 0.83430078125 0.14394921875 0.759017578125 0.0727421875