0 0.402380859375 0.753396484375 0.477630859375 0.8225078125 0.5024140625 0.795453125 0.42941796875 0.726013671875
0 0.3325390625 0.688509765625 0.4077890625 0.758478515625 0.433923828125 0.730072265625 0.3604765625 0.6606328125
0 0.2658515625 0.762970703125 0.24827734375 0.780556640625 0.323076171875 0.85180078125 0.340650390625 0.831509765625
0 0.33479296875 0.8256484375 0.315416015625 0.84864453125 0.387060546875 0.91537890625 0.409591796875 0.8955390625
3 0.367234375 0.791830078125 0.4438359375 0.859916015625 0.48078515625 0.820236328125 0.4064375 0.7526015625
3 0.37083984375 0.78854296875 0.333890625 0.83015625 0.408689453125 0.89914453125 0.446541015625 0.858564453125
3 0.300095703125 0.724107421875 0.376248046875 0.79137890625 0.337044921875 0.832412109375 0.26089453125 0.763873046875
3 0.2991953125 0.7268984375 0.37219140625 0.795888671875 0.41184375 0.75485546875 0.33614453125 0.68496484375
3 0.36678515625 0.7904765625 0.44473828125 0.86126953125 0.48078515625 0.81978515625 0.4064375 0.750796875
3 0.425361328125 0.730865234375 0.502865234375 0.798615234375 0.533505859375 0.765248046875 0.458255859375 0.69400390625
3 0.4298671875 0.732216796875 0.463662109375 0.6967265625 0.38751171875 0.62728515625 0.353267578125 0.661103515625