0 0.392748046875 0.513830078125 0.46143359375 0.5773515625 0.33903125 0.5773515625
5 0.39142578125 0.516548828125 0.45703125 0.578232421875 0.49093359375 0.541662109375 0.423568359375 0.479978515625
0 0.535845703125 0.77378125 0.479046875 0.71782421875 0.498859375 0.696236328125 0.556099609375 0.75087109375
0 0.6106953125 0.69447265625 0.553896484375 0.638515625 0.5737109375 0.616927734375 0.63094921875 0.6715625
0 0.2260234375 0.174037109375 0.1595703125 0.10876953125 0.206744140625 0.058279296875 0.275658203125 0.117798828125
3 0.271146484375 0.120673828125 0.305193359375 0.0894765625 0.237919921875 0.02338671875 0.20387109375 0.06033203125
0 0.825744140625 0.46353125 0.764212890625 0.40823046875 0.729345703125 0.448046875 0.7900546875 0.5046953125
3 0.8224609375 0.465171875 0.762572265625 0.411103515625 0.801130859375 0.368412109375 0.863072265625 0.420955078125
3 0.7551875 0.539830078125 0.695298828125 0.4866328125 0.732216796875 0.444353515625 0.792927734375 0.501
3 0.664123046875 0.63915234375 0.603412109375 0.58212109375 0.570595703125 0.618654296875 0.630896484375 0.674892578125
3 0.61571875 0.691310546875 0.55705859375 0.637126953125 0.52547265625 0.670376953125 0.5857734375 0.72661328125
3 0.588234375 0.7225078125 0.52957421875 0.66832421875 0.49798828125 0.70157421875 0.55377734375 0.75698828125
3 0.480759765625 0.71498828125 0.539830078125 0.77135546875 0.510705078125 0.803783203125 0.45163671875 0.749599609375
0 0.43449609375 0.759931640625 0.381375 0.75326953125 0.402779296875 0.8285
5 0.357228515625 0.82967578125 0.33086328125 0.7493515625 0.385681640625 0.754052734375 0.407740234375 0.83359375