0 0.863017578125 0.5416171875 0.846154296875 0.63903125 0.898728515625 0.668810546875 0.916087890625 0.572025390625
4 0.81738671875 0.51693359375 0.801515625 0.6176875 0.855578125 0.64994921875 0.87045703125 0.545720703125
3 0.90914453125 0.569888671875 0.897240234375 0.6673203125 0.953287109375 0.69858984375 0.966677734375 0.598828125
0 0.7965546875 0.50541015625 0.782171875 0.601806640625 0.804986328125 0.61719140625 0.822345703125 0.522392578125
0 0.7945703125 0.5108671875 0.822345703125 0.530333984375 0.8352421875 0.431068359375 0.810939453125 0.41915625
5 0.747453125 0.479123046875 0.734060546875 0.577982421875 0.787626953125 0.6062734375 0.801515625 0.50849609375
5 0.76431640625 0.390837890625 0.749435546875 0.488146484375 0.79903515625 0.519912109375 0.81341796875 0.422630859375
5 0.829787109375 0.427541015625 0.81738671875 0.52636328125 0.87144921875 0.55713671875 0.883353515625 0.46134375
0 0.056046875 0.09275 0.043646484375 0.19856640625 0.09423828125 0.226361328125 0.10663671875 0.121138671875
3 0.103166015625 0.119533203125 0.09026953125 0.22189453125 0.140859375 0.25415625 0.155740234375 0.151912109375
3 0.008927734375 0.063564453125 0 0.134044921875 0 0.17970703125 0.047615234375 0.203529296875 0.061005859375 0.0923515625