0 0.218189453125 0.442037109375 0.294302734375 0.510078125 0.329314453125 0.46539453125 0.254216796875 0.4034453125
5 0.22225 0.437974609375 0.1811484375 0.480626953125 0.261828125 0.54612890625 0.29785546875 0.503984375
5 0.250666015625 0.40796484375 0.325255859375 0.471994140625 0.3617890625 0.430865234375 0.284154296875 0.36536328125
5 0.320181640625 0.46641015625 0.39883203125 0.531404296875 0.434857421875 0.49078125 0.354685546875 0.424263671875
5 0.289736328125 0.4973828125 0.25573828125 0.54003515625 0.335912109375 0.609599609375 0.369400390625 0.565931640625
0 0.283646484375 0.500822265625 0.364326171875 0.573041015625 0.400353515625 0.528357421875 0.325255859375 0.45980859375
0 0.57905078125 0.6737421875 0.541583984375 0.716189453125 0.470052734375 0.65824609375 0.505478515625 0.61120703125
0 0.574857421875 0.667376953125 0.534970703125 0.7115 0.6205 0.783509765625 0.65586328125 0.738658203125
5 0.54155078125 0.70520703125 0.504130859375 0.7489453125 0.581025390625 0.813958984375 0.617623046875 0.774044921875
5 0.56951171875 0.671998046875 0.650517578125 0.7440078125 0.680947265625 0.700802734375 0.603640625 0.634140625
5 0.499197265625 0.613509765625 0.5769140625 0.67734765625 0.6093984375 0.638255859375 0.533326171875 0.57118359375
5 0.50906640625 0.753728515625 0.433404296875 0.69339453125 0.470412109375 0.6493671875 0.545251953125 0.71355859375
0 0.82447265625 0.385140625 0.860759765625 0.3407421875 0.783345703125 0.277798828125 0.7480234375 0.317984375
0 0.813828125 0.376431640625 0.90285546875 0.448228515625 0.93769140625 0.40465234375 0.854470703125 0.335900390625
5 0.793990234375 0.422396484375 0.83076171875 0.379958984375 0.751412109375 0.314111328125 0.71608984375 0.357203125
5 0.78818359375 0.415623046875 0.867533203125 0.48357421875 0.90285546875 0.440482421875 0.825923828125 0.3775390625
5 0.850115234375 0.33966015625 0.932853515625 0.410947265625 0.967689453125 0.36930859375 0.893662109375 0.3000703125
5 0.778505859375 0.279662109375 0.8554375 0.34703515625 0.89462890625 0.306365234375 0.818181640625 0.24196875