0 0.007939453125 0.33578515625 0.070052734375 0.3975703125 0.127029296875 0.33401171875 0.044833984375 0.29755859375
0 0.1032109375 0.3558671875 0.163923828125 0.4176640625 0.2082890625 0.369529296875 0.12609375 0.33354296875
5 0.063513671875 0.389958984375 0.129830078125 0.45318359375 0.168126953125 0.4125234375 0.103677734375 0.353171875
5 0.012609375 0.33344921875 0.075189453125 0.394298828125 0.038294921875 0.43215234375 0.00093359375 0.398037109375 0 0.341021484375
0 0.32737890625 0.43479296875 0.38855859375 0.494244140625 0.422650390625 0.4610625 0.3390546875 0.424611328125
0 0.3852890625 0.486630859375 0.44740234375 0.5517265625 0.501576171875 0.494244140625 0.4189140625 0.457791015625
5 0.291884765625 0.468884765625 0.353998046875 0.53256640625 0.395095703125 0.49097265625 0.332515625 0.42881640625
5 0.350263671875 0.525556640625 0.411908203125 0.58397265625 0.450671875 0.546119140625 0.38715625 0.48349609375
0 0.608056640625 0.568359375 0.67483984375 0.632013671875 0.716404296875 0.582474609375 0.625802734375 0.54976171875
0 0.701458984375 0.58844140625 0.77151171875 0.65304296875 0.8 0.620330078125 0.705662109375 0.579671875
5 0.667833984375 0.631873046875 0.73788671875 0.69230078125 0.777583984375 0.649771484375 0.706595703125 0.586681640625
5 0.577232421875 0.603853515625 0.64308203125 0.66753125 0.679509765625 0.632013671875 0.614126953125 0.56518359375