0 0.884134765625 0.487626953125 0.94543359375 0.54908984375 0.997896484375 0.493275390625 0.918373046875 0.459013671875
0 0.827806640625 0.43193359375 0.88910546875 0.494380859375 0.92610546875 0.462328125 0.839955078125 0.42475
0 0.6024921875 0.354537109375 0.666 0.417056640625 0.70907421875 0.36953125 0.626791015625 0.330849609375
0 0.5058515625 0.334716796875 0.571568359375 0.396611328125 0.62734375 0.3341640625 0.54174609375 0.298796875
0 0.321955078125 0.225314453125 0.385462890625 0.2917578125 0.425224609375 0.25196875 0.33576171875 0.211626953125
0 0.22641796875 0.203775390625 0.291029296875 0.26744140625 0.342388671875 0.2166015625 0.2556875 0.176259765625
0 0.024298828125 0.0844921875 0.092775390625 0.160837890625 0.128119140625 0.126576171875
5 0.888544921875 0.48634765625 0.85099609375 0.524900390625 0.911619140625 0.58466015625 0.951431640625 0.5434609375
5 0.792181640625 0.469607421875 0.85506640625 0.53033203125 0.8930703125 0.4913984375 0.8324453125 0.430279296875
5 0.565068359375 0.38953125 0.63157421875 0.45343359375 0.669576171875 0.413140625 0.604427734375 0.353833984375
5 0.472322265625 0.370583984375 0.53566015625 0.432609375 0.575021484375 0.39276953125 0.510326171875 0.330744140625
5 0.287736328125 0.26149609375 0.353337890625 0.324974609375 0.39179296875 0.284228515625 0.32664453125 0.22039453125
5 0.188658203125 0.236240234375 0.260138671875 0.30052734375 0.29678515625 0.262951171875 0.230279296875 0.200927734375
5 0.000904296875 0.136177734375 0.060171875 0.19465625 0.09681640625 0.156173828125 0.026693359375 0.085095703125 0.000453125 0.11090234375