0 0.394515625 0.837048828125 0.353419921875 0.929802734375 0.399275390625 0.9501484375 0.43691015625 0.857078125
0 0.474544921875 0.87122265625 0.433880859375 0.964865234375 0.462865234375 0.9765546875 0.501365234375 0.884349609375
0 0.255224609375 0.73971875 0.194662109375 0.860109375 0.31621875 0.91465234375 0.366830078125 0.79733984375
5 0.273392578125 0.6990546875 0.2521953125 0.74539453125 0.338712890625 0.78868359375 0.362505859375 0.744095703125
4 0.35471875 0.813689453125 0.3114609375 0.91421875 0.3581796875 0.93283203125 0.399275390625 0.837166015625
4 0.43128515625 0.852623046875 0.39019140625 0.949283203125 0.436044921875 0.967462890625 0.477140625 0.87439453125
3 0.49876953125 0.88160546875 0.45680859375 0.97565234375 0.5039609375 0.99469921875 0.542892578125 0.90162890625
0 0.832765625 0.811421875 0.813328125 0.848111328125 0.816376953125 0.8782421875 0.88498046875 0.91790625 0.91928125 0.854595703125
0 0.910134765625 0.849916015625 0.882693359375 0.916 0.9352890625 0.943078125 0.9673046875 0.943078125 0.981025390625 0.9285859375 0.997412109375 0.895404296875
5 0.854109375 0.764162109375 0.8293359375 0.8149296875 0.9139453125 0.86031640625 0.940244140625 0.8111171875
5 0.9333828125 0.80723046875 0.90784765625 0.857265625 0.9936015625 0.8988359375 0.998046875 0.83933984375