0 0.998046875 0.38266015625 0.9332421875 0.4622265625 0.976189453125 0.494458984375 0.998046875 0.464375
3 0.95901171875 0.35130859375 0.89544921875 0.429134765625 0.937966796875 0.46609375 0.998046875 0.388736328125
0 0.356091796875 0.342732421875 0.324142578125 0.38409765625 0.249787109375 0.32248046875 0.28348046875 0.280044921875
0 0.3136875 0.372939453125 0.400240234375 0.445134765625 0.434513671875 0.405025390625 0.35376953125 0.33759375
0 0.073775390625 0.66919921875 0.033111328125 0.71006640625 0.11850390625 0.780404296875 0.15451953125 0.7420390625
0 0.0801640625 0.669375 0.04182421875 0.71704296875 0.00406640625 0.683326171875 0.0017421875 0.60951953125
5 0.06622265625 0.675587890625 0.14812890625 0.74380078125 0.182984375 0.69962109375 0.105724609375 0.633935546875
5 0.038919921875 0.708119140625 0.00580859375 0.750732421875 0.083068359375 0.81467578125 0.1161796875 0.7751484375
5 0.07203125 0.676908203125 0.109791015625 0.63737890625 0.03194921875 0.570529296875 0 0.6123828125
5 0.255595703125 0.313814453125 0.2172578125 0.357412109375 0.293935546875 0.4219375 0.327046875 0.378919921875
5 0.320658203125 0.370615234375 0.289869140625 0.416705078125 0.36712890625 0.4835546875 0.40140234375 0.441701171875
5 0.352607421875 0.344474609375 0.39326953125 0.304513671875 0.31078125 0.2376640625 0.277669921875 0.28533203125
5 0.348541015625 0.342150390625 0.4333515625 0.411474609375 0.46820703125 0.367294921875 0.386880859375 0.302189453125
0 0.288525390625 0.97851953125 0.21254296875 0.9115234375 0.180029296875 0.94645703125 0.23787109375 0.998046875 0.261486328125 0.998046875
3 0.210146484375 0.915974609375 0.28441796875 0.982076171875 0.318642578125 0.946115234375 0.24642578125 0.8769296875