0 0.052546875 0.12937890625 0.1298203125 0.19437109375 0.16646875 0.1559296875 0.086546875 0.09008984375
0 0.124521484375 0.189431640625 0.203560546875 0.25446484375 0.235794921875 0.21646484375 0.1554296875 0.147974609375
0 0.628787109375 0.01148046875 0.596994140625 0.045529296875 0.67868359375 0.11490234375 0.705619140625 0.079111328125
0 0.54621484375 0.10871484375 0.52325390625 0.13125 0.5983203125 0.1966484375 0.616865234375 0.172345703125
0 0.47203125 0.192962890625 0.45039453125 0.21734375 0.52325390625 0.2814140625 0.54533203125 0.260205078125
0 0.397849609375 0.281775390625 0.374005859375 0.30563671875 0.452162109375 0.371916015625 0.473798828125 0.345404296875
0 0.322783203125 0.366056640625 0.300263671875 0.389521484375 0.376654296875 0.455359375 0.39519921875 0.431498046875
0 0.25169140625 0.450453125 0.22784765625 0.478291015625 0.302912109375 0.54015234375 0.322783203125 0.5176171875
0 0.181041015625 0.540474609375 0.161171875 0.568380859375 0.232705078125 0.628033203125 0.25169140625 0.60284765625
0 0.102443359375 0.6248125 0.0772734375 0.651453125 0.1536640625 0.72303515625 0.180158203125 0.697849609375
3 0.09626171875 0.629228515625 0.177509765625 0.702708984375 0.212392578125 0.665591796875 0.133794921875 0.590474609375
3 0.125845703125 0.596994140625 0.204443359375 0.6664765625 0.234470703125 0.6284765625 0.158080078125 0.560427734375
3 0.178392578125 0.544544921875 0.24904296875 0.6095 0.28127734375 0.572826171875 0.205328125 0.5074296875
3 0.204001953125 0.51187109375 0.275978515625 0.5755 0.307328125 0.540150390625 0.234029296875 0.473427734375
3 0.246833984375 0.454810546875 0.320134765625 0.521193359375 0.3506015625 0.486287109375 0.279509765625 0.422658203125
3 0.275978515625 0.424888671875 0.346185546875 0.488517578125 0.379302734375 0.454494140625 0.3046796875 0.38865625
3 0.31880859375 0.366498046875 0.39166796875 0.4346484375 0.4252265625 0.39753125 0.35016015625 0.33301953125
3 0.345744140625 0.3386796875 0.420810546875 0.40371875 0.453927734375 0.37013671875 0.374005859375 0.301205078125
3 0.39431640625 0.2840234375 0.465849609375 0.348537109375 0.498525390625 0.3131875 0.4269921875 0.248673828125
3 0.420369140625 0.24904296875 0.494109375 0.315421875 0.52325390625 0.27698046875 0.452162109375 0.214234375
3 0.4685 0.19473046875 0.54356640625 0.263337890625 0.573150390625 0.225779296875 0.497642578125 0.159056640625
3 0.49234375 0.1620546875 0.5660859375 0.22887109375 0.5983203125 0.192638671875 0.52325390625 0.12680078125
3 0.56829296875 0.072857421875 0.648216796875 0.139662109375 0.615099609375 0.177220703125 0.537826171875 0.106521484375
3 0.562552734375 0.081689453125 0.648216796875 0.147615234375 0.67691796875 0.10873046875 0.595669921875 0.039798828125
3 0.618189453125 0.014130859375 0.702087890625 0.080009765625 0.72946484375 0.035822265625 0.682658203125 0.001357421875 0.63187890625 0.002681640625
5 0.128052734375 0.18457421875 0.093169921875 0.227951171875 0.1722109375 0.29246484375 0.205328125 0.253580078125
5 0.0211953125 0.16426171875 0.096703125 0.231044921875 0.13246875 0.19171875 0.05651953125 0.1254375
5 0.15410546875 0.153716796875 0.2318203125 0.220880859375 0.268029296875 0.17713671875 0.192080078125 0.113064453125
5 0.1214296875 0.051662109375 0.083896484375 0.0936640625 0.158080078125 0.15729296875 0.1960546875 0.11708203125