0 0.13061328125 0.69623046875 0.16752734375 0.653240234375 0.08858984375 0.58845703125 0.053380859375 0.6288046875
0 0.122095703125 0.68790625 0.203302734375 0.75666796875 0.238513671875 0.7163203125 0.156169921875 0.64528515625
0 0.5724296875 0.172638671875 0.535517578125 0.212005859375 0.6184296875 0.280767578125 0.6496640625 0.237009765625
0 0.466236328125 0.149494140625 0.54233203125 0.214845703125 0.57924609375 0.17506640625 0.5014453125 0.108009765625
0 0.289623046875 0.003974609375 0.362880859375 0.067712890625 0.39808984375 0.022818359375 0.366287109375 0.001791015625
0 0.71269921875 0.412287109375 0.68316796875 0.45162109375 0.76096875 0.518677734375 0.791634765625 0.477193359375
0 0.628083984375 0.51337109375 0.59741796875 0.545326171875 0.674650390625 0.612951171875 0.70531640625 0.578287109375
0 0.545171875 0.608775390625 0.5230234375 0.63277734375 0.597986328125 0.69812890625 0.620701171875 0.674830078125
0 0.47305078125 0.694525390625 0.450333984375 0.71908203125 0.529271484375 0.785001953125 0.550283203125 0.759998046875
0 0.397521484375 0.783685546875 0.37878125 0.8065234375 0.4537421875 0.874716796875 0.47475390625 0.8480078125
0 0.322560546875 0.86830078125 0.3038203125 0.892291015625 0.376509765625 0.955939453125 0.395818359375 0.931501953125
0 0.248734375 0.954802734375 0.229994140625 0.97696484375 0.260091796875 0.998046875 0.30666015625 0.998046875
3 0.730537109375 0.54827734375 0.65223046875 0.481384765625 0.68422265625 0.446982421875 0.763005859375 0.5133984375
3 0.701888671875 0.581087890625 0.622626953125 0.514353515625 0.6536640625 0.47899609375 0.73387890625 0.543021484375
3 0.645546875 0.64379296875 0.569150390625 0.57785546875 0.59875390625 0.543453125 0.67992578125 0.60748046875
3 0.617853515625 0.675626953125 0.5390703125 0.608435546875 0.571537109375 0.576421875 0.648888671875 0.639015625
3 0.571537109375 0.728783203125 0.495142578125 0.66619140625 0.525701171875 0.6317890625 0.600185546875 0.692947265625
3 0.54527734375 0.76252734375 0.466015625 0.694859375 0.495142578125 0.658544921875 0.576791015625 0.727828125
3 0.497052734375 0.8169609375 0.418267578125 0.75069921875 0.4525546875 0.71228125 0.531259765625 0.783880859375
3 0.46840234375 0.8503828125 0.389619140625 0.778888671875 0.42304296875 0.745443359375 0.5023046875 0.8123359375
3 0.42065625 0.902427734375 0.3476015625 0.834744140625 0.38198046875 0.803208984375 0.454556640625 0.86580078125
3 0.389619140625 0.937283203125 0.3184765625 0.86959375 0.34951171875 0.83328125 0.423998046875 0.897306640625
3 0.3476015625 0.98901953125 0.27550390625 0.923560546875 0.305583984375 0.89011328125 0.378638671875 0.950318359375
3 0.350466796875 0.984076171875 0.277890625 0.917826171875 0.244466796875 0.9603515625 0.298900390625 0.998046875
5 0.127720703125 0.68567578125 0.092515625 0.72878515625 0.17029296875 0.79391796875 0.20426953125 0.751314453125
5 0.14982421875 0.65136328125 0.2345625 0.72223046875 0.276177734375 0.6766171875 0.193626953125 0.6103984375
5 0.08391796875 0.5894765625 0.160876953125 0.6579453125 0.197720703125 0.61780078125 0.11871484375 0.551029296875
5 0.05608203125 0.62353515625 0.019240234375 0.665728515625 0.0978359375 0.7316796875 0.133041015625 0.691125
5 0.469943359375 0.14744921875 0.435556640625 0.18718359375 0.5092421875 0.254365234375 0.54280859375 0.210125
5 0.575966796875 0.1789921875 0.608306640625 0.135978515625 0.532166015625 0.071255859375 0.4928671875 0.110171875
5 0.56859765625 0.173158203125 0.652107421875 0.244125 0.68321875 0.199064453125 0.60339453125 0.132701171875
5 0.54076171875 0.2046796875 0.503509765625 0.25026953125 0.582517578125 0.31458203125 0.6173125 0.27484765625
5 0.291548828125 0 0.25698828125 0.0404296875 0.335857421875 0.109154296875 0.368201171875 0.067919921875