0 0.656408203125 0.120892578125 0.621462890625 0.1913359375 0.768328125 0.179994140625
0 0.485458984375 0.031640625 0.45145703125 0.096869140625 0.49679296875 0.119552734375 0.53173828125 0.056701171875
3 0.527015625 0.05241796875 0.490181640625 0.120025390625 0.550154296875 0.1469609375 0.58368359375 0.08647265625
5 0.612490234375 0.10112109375 0.5789609375 0.1644453125 0.628546875 0.189490234375 0.66207421875 0.1219140625
5 0.447470703125 0.00920703125 0.410841796875 0.073353515625 0.457044921875 0.0991796875 0.490345703125 0.033365234375
0 0.06851953125 0.868056640625 0.02430078125 0.951458984375 0.12389453125 0.90441796875
5 0.131064453125 0.890763671875 0.02908203125 0.952255859375 0.080470703125 0.980560546875 0.17329296875 0.91996484375
5 0.07489453125 0.867658203125 0.02868359375 0.950263671875 0 0.9251484375 0.02310546875 0.843025390625
0 0.39591015625 0.3226171875 0.345953125 0.4065078125 0.3740546875 0.393697265625 0.416830078125 0.333708984375
0 0.3906015625 0.326283203125 0.412771484375 0.33745703125 0.434626953125 0.29621484375 0.44133984375 0.24309765625
5 0.3915390625 0.226369140625 0.35016796875 0.305275390625 0.39637890625 0.331990234375 0.44180859375 0.24700390625
5 0.3543828125 0.29808984375 0.310046875 0.378544921875 0.3542265625 0.4054140625 0.39996875 0.323865234375