0 0.052126953125 0.829279296875 0 0.92434765625 0.0339609375 0.95675 0.09240625 0.85163671875
3 0.08845703125 0.849265625 0.028431640625 0.94884765625 0.08924609375 0.98836328125 0.1437421875 0.88325
3 0.010267578125 0.806375 0.056865234375 0.833458984375 0.00394921875 0.928298828125 0.003158203125 0.8208125
0 0.470943359375 0.095404296875 0.4232421875 0.185365234375 0.425814453125 0.141841796875 0.450365234375 0.0877890625
5 0.46813671875 0.092599609375 0.422306640625 0.180216796875 0.4704765625 0.2031484375 0.5179453125 0.1165703125
0 0.33298046875 0.01823828125 0.28434375 0.10724609375 0.3217578125 0.091802734375 0.36361328125 0.03470703125
5 0.291591796875 0.00124609375 0.3413984375 0.026984375 0.29065625 0.1093515625 0.24365625 0.081505859375
0 0.895021484375 0.3203359375 0.847697265625 0.40775 0.8895 0.376177734375 0.9175 0.332373046875
0 0.890486328125 0.32684765625 0.915330078125 0.339673828125 0.93347265625 0.297447265625 0.942740234375 0.244564453125
5 0.85538671875 0.297052734375 0.8055 0.38703125 0.853216796875 0.408736328125 0.90073828125 0.32369140625
5 0.84789453125 0.30603125 0.893837890625 0.33000390625 0.943134765625 0.248314453125 0.893640625 0.221083984375