0 0.679736328125 0.88226171875 0.77065625 0.92671484375 0.791822265625 0.882908203125 0.698015625 0.842470703125
0 0.741310546875 0.7557421875 0.82886328125 0.80058984375 0.842814453125 0.772669921875 0.75478125 0.72886328125
3 0.777390625 0.683103515625 0.752375 0.73278515625 0.843294921875 0.778998046875 0.864943359375 0.728453125
3 0.74612109375 0.748044921875 0.7196640625 0.8025859375 0.805291015625 0.844466796875 0.82934375 0.793439453125
3 0.722548828125 0.79374609375 0.69753515625 0.84681640625 0.790859375 0.8891796875 0.80962109375 0.839115234375
3 0.68502734375 0.878412109375 0.65905078125 0.92909765625 0.74948828125 0.973384765625 0.7716171875 0.9209140625
0 0.244673828125 0.10544921875 0.233689453125 0.132408203125 0.3212890625 0.176376953125 0.333646484375 0.1494453125
0 0.190302734375 0.214236328125 0.17519921875 0.239791015625 0.257580078125 0.284857421875 0.27378125 0.256279296875
0 0.28201953125 0.018673828125 0.372640625 0.06434375 0.38637109375 0.03383984375 0.318818359375 0.0014140625 0.283119140625 0.001140625
3 0.282294921875 0.014005859375 0.256482421875 0.060771484375 0.359734375 0.113806640625 0.375935546875 0.061044921875
3 0.261150390625 0.053900390625 0.24137890625 0.108826171875 0.331724609375 0.154716796875 0.356712890625 0.10690234375
3 0.23423828125 0.127158203125 0.205404296875 0.179369140625 0.293828125 0.2216875 0.3174453125 0.167552734375
3 0.21007421875 0.170849609375 0.1837109375 0.215916015625 0.2754296875 0.26208203125 0.29657421875 0.217564453125