0 0.198005859375 0.104681640625 0.16423828125 0.1732109375 0.14244140625 0.161228515625 0.175595703125 0.095181640625
3 0.194322265625 0.10283984375 0.160861328125 0.170138671875 0.212435546875 0.20239453125 0.24866015625 0.126822265625
2 0.2440546875 0.124365234375 0.206908203125 0.199322265625 0.2649296875 0.23495703125 0.301154296875 0.1523203125
0 0.337177734375 0.517369140625 0.28803515625 0.610837890625 0.32762109375 0.586248046875 0.361294921875 0.536615234375
0 0.376310546875 0.44326953125 0.32944140625 0.527509765625 0.35901953125 0.546177734375 0.3822265625 0.494724609375
5 0.3376328125 0.411802734375 0.2889453125 0.502919921875 0.3358125 0.52796484375 0.37949609375 0.448279296875
5 0.29212890625 0.496892578125 0.243896484375 0.587615234375 0.294404296875 0.609015625 0.338998046875 0.522044921875
0 0.4718671875 0.593359375 0.4236328125 0.68591796875 0.43182421875 0.62171484375 0.450935546875 0.58164453125
0 0.447294921875 0.584259765625 0.471412109375 0.601224609375 0.51782421875 0.51106640625 0.469591796875 0.553869140625
5 0.470046875 0.59244921875 0.421357421875 0.683642578125 0.4682265625 0.704587890625 0.51509375 0.61670703125
5 0.46640625 0.5951796875 0.512365234375 0.622169921875 0.56059765625 0.537021484375 0.51600390625 0.5119765625
0 0.98484765625 0.53162890625 0.951564453125 0.5963359375 0.996576171875 0.623615234375 0.998046875 0.614099609375 0.99752734375 0.5382890625
5 0.946177734375 0.51323046875 0.9154296875 0.57444921875 0.957904296875 0.596970703125 0.988017578125 0.532896484375
0 0.897353515625 0.819564453125 0.917357421875 0.83362109375 0.884296875 0.881162109375 0.84845703125 0.907017578125
0 0.89401953125 0.82512109375 0.915966796875 0.83834765625 0.938193359375 0.79053125 0.938470703125 0.747716796875
5 0.8912421875 0.72510546875 0.849291015625 0.803875 0.899021484375 0.83167578125 0.940138671875 0.75021875
5 0.856232421875 0.793171875 0.809052734375 0.87991015625 0.854830078125 0.903984375 0.903412109375 0.82148046875