0 0.377490234375 0.4370625 0.341974609375 0.536361328125 0.39295703125 0.5558515625 0.4296171875 0.453818359375
0 0.37176171875 0.438779296875 0.426751953125 0.460697265625 0.459404296875 0.364970703125 0.411859375 0.344333984375
3 0.455966796875 0.361451171875 0.418732421875 0.45783203125 0.475443359375 0.48190625 0.510384765625 0.38101953125
3 0.4261796875 0.451384765625 0.388373046875 0.55183984375 0.445083984375 0.570755859375 0.475443359375 0.473880859375
3 0.3333828125 0.42331640625 0.29500390625 0.5174453125 0.349421875 0.5357890625 0.382072265625 0.438341796875
3 0.330517578125 0.426751953125 0.38321875 0.442927734375 0.417587890625 0.34834765625 0.3688984375 0.332869140625
0 0.483826171875 0.13214453125 0.44960546875 0.228068359375 0.500146484375 0.2465078125 0.5359453125 0.151677734375
0 0.521205078125 0.043169921875 0.4827734375 0.13805859375 0.534892578125 0.1591328125 0.569640625 0.060087890625
3 0.52699609375 0.0421171875 0.485931640625 0.1422734375 0.435916015625 0.119619140625 0.474875 0.026896484375
3 0.563322265625 0.055279296875 0.525943359375 0.152810546875 0.586486328125 0.175990234375 0.62333984375 0.075365234375
3 0.52962890625 0.14846484375 0.493828125 0.245005859375 0.55016015625 0.265552734375 0.58806640625 0.169142578125
3 0.443287109375 0.118982421875 0.403802734375 0.21181640625 0.4585546875 0.233416015625 0.493302734375 0.136478515625