0 0.033841796875 0.20812109375 0.116751953125 0.279720703125 0.151015625 0.235697265625 0.07402734375 0.17135546875
5 0.069373046875 0.173857421875 0.146361328125 0.2399296875 0.18147265625 0.199716796875 0.107021484375 0.1336796875
5 0.040609375 0.205642578125 0.005921875 0.25051171875 0.083333984375 0.31527734375 0.120134765625 0.274640625
0 0.2119296875 0.412947265625 0.17893359375 0.446810546875 0.25761328125 0.51538671875 0.290609375 0.47940625
0 0.1252109375 0.51184375 0.096447265625 0.544521484375 0.17428125 0.610978515625 0.204314453125 0.5775390625
0 0.04483984375 0.60878515625 0.023265625 0.632912109375 0.10025390625 0.697255859375 0.118443359375 0.674396484375
0 0.00169140625 0.723880859375 0.04653125 0.7594375 0.0262265625 0.780603515625 0.00169140625 0.764517578125
5 0.0029609375 0.727580078125 0.04526171875 0.76409375 0.073181640625 0.72599609375 0 0.659115234375
3 0.002115234375 0.669626953125 0.07402734375 0.727689453125 0.102791015625 0.693826171875 0.02495703125 0.6273671875
3 0.04187890625 0.61167578125 0.1188671875 0.681591796875 0.15270703125 0.64137890625 0.073181640625 0.57407421875
3 0.068951171875 0.580845703125 0.14974609375 0.649421875 0.179357421875 0.609630859375 0.099408203125 0.53978515625
3 0.121828125 0.51311328125 0.203892578125 0.584712890625 0.236462890625 0.542380859375 0.15270703125 0.476345703125
3 0.151861328125 0.480541015625 0.23434765625 0.55044921875 0.2648046875 0.5123515625 0.18147265625 0.44377734375
3 0.205583984375 0.41336328125 0.285533203125 0.481515625 0.318951171875 0.43918359375 0.24576953125 0.3773828125