0 0.248865234375 0.14636328125 0.178783203125 0.2251328125 0.20548046875 0.2475546875 0.268888671875 0.169791015625
0 0.335158203125 0.22216796875 0.266029296875 0.299556640625 0.306076171875 0.327705078125 0.3690078125 0.2537578125
3 0.211677734375 0.118234375 0.14683984375 0.196984375 0.182595703125 0.227041015625 0.25315625 0.14927734375
3 0.267458984375 0.162572265625 0.198330078125 0.247078125 0.237900390625 0.276658203125 0.30416796875 0.1965078125
3 0.299876953125 0.190224609375 0.2321796875 0.27236328125 0.27175 0.301943359375 0.338017578125 0.22465625
3 0.364716796875 0.246482421875 0.30130859375 0.324841796875 0.335158203125 0.354421875 0.403810546875 0.277134765625
0 0.73181640625 0.560185546875 0.665546875 0.638021484375 0.688431640625 0.657580078125 0.75374609375 0.58315625
0 0.816677734375 0.633228515625 0.74993359375 0.715287109375 0.774248046875 0.732939453125 0.8395625 0.654220703125
3 0.7032109375 0.53065625 0.63312890625 0.610806640625 0.666978515625 0.638953125 0.736107421875 0.56357421875
3 0.748501953125 0.579255859375 0.686048828125 0.653744140625 0.72228125 0.68523046875 0.785689453125 0.611759765625
3 0.7823515625 0.605953125 0.716560546875 0.68427734375 0.755177734375 0.718150390625 0.818109375 0.6384765625
3 0.836224609375 0.648861328125 0.77138671875 0.730076171875 0.81143359375 0.76394921875 0.872458984375 0.687615234375