0 0.580234375 0.31096875 0.5436796875 0.406365234375 0.59825390625 0.427490234375 0.62862890625 0.33217578125
0 0.548828125 0.40158203125 0.513818359375 0.49549609375 0.56221484375 0.51352734375 0.5951640625 0.420791015625
5 0.624509765625 0.32332421875 0.588470703125 0.4249140625 0.6415 0.441400390625 0.67548046875 0.34299609375
5 0.591560546875 0.415482421875 0.55655078125 0.511982421875 0.61318359375 0.52846875 0.643560546875 0.433671875
5 0.5333828125 0.29243359375 0.498373046875 0.387818359375 0.55140234375 0.407396484375 0.5848671875 0.3100234375
5 0.50455078125 0.38253125 0.46284765625 0.479525390625 0.519482421875 0.49652734375 0.552947265625 0.402759765625
0 0.440373046875 0.701763671875 0.4036328125 0.80375 0.45664453125 0.824759765625 0.49338671875 0.7265390625
0 0.4408984375 0.7085859375 0.491287109375 0.73179296875 0.5233046875 0.63409765625 0.473966796875 0.616763671875
5 0.484462890625 0.722337890625 0.449822265625 0.820033203125 0.4975859375 0.837890625 0.53065234375 0.7401953125
5 0.393134765625 0.68706640625 0.353244140625 0.78431640625 0.411505859375 0.805326171875 0.444572265625 0.7060546875
5 0.392609375 0.68872265625 0.439849609375 0.707630859375 0.475015625 0.619916015625 0.42830078125 0.59995703125
5 0.518580078125 0.62723046875 0.478689453125 0.7265390625 0.531177734375 0.7443984375 0.565294921875 0.64302734375