0 0.085271484375 0.67774609375 0.044296875 0.72162890625 0.129015625 0.79366015625 0.165560546875 0.748779296875
0 0.15559375 0.73588671875 0.119048828125 0.7836875 0.2043203125 0.851841796875 0.24197265625 0.810283203125
5 0.078626953125 0.681623046875 0.15559375 0.74988671875 0.1915859375 0.705560546875 0.114064453125 0.6435
5 0.185955078125 0.70003125 0.1511640625 0.74459375 0.2387421875 0.814826171875 0.268134765625 0.771607421875
0 0.587859375 0.089978515625 0.55366796875 0.128447265625 0.6316484375 0.193275390625 0.66583984375 0.1512578125
0 0.65804296875 0.146365234375 0.62505078125 0.18907421875 0.70183203125 0.25450390625 0.73482421875 0.215486328125
5 0.584259765625 0.090578125 0.661041015625 0.158494140625 0.69883203125 0.11407421875 0.622650390625 0.051044921875
5 0.556666015625 0.125970703125 0.518875 0.165697265625 0.59985546875 0.232326171875 0.634046875 0.1915078125
5 0.628048828125 0.183556640625 0.592658203125 0.228724609375 0.6730390625 0.294755859375 0.70723046875 0.25213671875
5 0.654443359375 0.14996484375 0.736623046875 0.221568359375 0.769615234375 0.176548828125 0.691634765625 0.112919921875
0 0.972966796875 0.194953125 0.95137109375 0.2173125 0.997560546875 0.263533203125 0.998046875 0.216712890625
0 0.978365234375 0.347916015625 0.8955859375 0.282080078125 0.8757890625 0.304291015625 0.953771484375 0.374521484375
0 0.87998828125 0.45708984375 0.80080859375 0.391857421875 0.818802734375 0.369046875 0.894984375 0.43267578125
0 0.75401953125 0.45605078125 0.72942578125 0.478259765625 0.805607421875 0.543689453125 0.826001953125 0.52087890625
0 0.735423828125 0.629849609375 0.652642578125 0.558 0.67123828125 0.535791015625 0.75521875 0.60722265625
0 0.6784375 0.693662109375 0.6040546875 0.62703125 0.5794609375 0.65584375 0.65384375 0.72307421875
3 0.674837890625 0.69786328125 0.595056640625 0.630033203125 0.62744921875 0.5946171875 0.706630859375 0.658845703125
3 0.625650390625 0.5962578125 0.704830078125 0.667849609375 0.738421875 0.627630859375 0.656841796875 0.555599609375
3 0.66883984375 0.53987109375 0.75101953125 0.612625 0.784611328125 0.573607421875 0.706630859375 0.50577734375
3 0.701232421875 0.507478515625 0.7828125 0.582611328125 0.813404296875 0.54539453125 0.730625 0.472162109375
3 0.7774140625 0.41630078125 0.85539453125 0.48782421875 0.8236015625 0.5262421875 0.744421875 0.4572109375
3 0.7774140625 0.42169921875 0.85539453125 0.494427734375 0.886587890625 0.453609375 0.80620703125 0.389380859375
3 0.81400390625 0.370111328125 0.896185546875 0.441029296875 0.929177734375 0.399611328125 0.8511953125 0.33298046875
3 0.879388671875 0.298728515625 0.956169921875 0.366052734375 0.925578125 0.403869140625 0.848197265625 0.3402421875
3 0.92437890625 0.245341796875 0.890185546875 0.28624609375 0.972966796875 0.351076171875 0.998046875 0.312658203125
3 0.99516015625 0.3155234375 0.9201796875 0.25023046875 0.950771484375 0.2124140625 0.998046875 0.2556328125