0 0.89837109375 0.546720703125 0.8094609375 0.603583984375 0.892185546875 0.62524609375
5 0.855076171875 0.52301953125 0.759208984375 0.578052734375 0.82221875 0.605904296875 0.902236328125 0.550974609375
0 0.051798828125 0.332056640625 0 0.424169921875 0.03672265625 0.447767578125 0.0885234375 0.352607421875
3 0.086203125 0.34983984375 0.0313125 0.44621875 0.092775390625 0.476779296875 0.14380078125 0.383166015625
3 0.012369140625 0.3100546875 0 0.333265625 0.001546875 0.42842578125 0.05759765625 0.3340390625
0 0.271482421875 0.8883828125 0.2980234375 0.90178125 0.37802734375 0.840314453125 0.353001953125 0.8247578125 0.277927734375 0.871048828125
3 0.293853515625 0.896724609375 0.337078125 0.926064453125 0.42390625 0.86725390625 0.374994140625 0.837658203125
0 0.272998046875 0.8869609375 0.226740234375 0.9806796875 0.3264609375 0.916556640625
4 0.322669921875 0.9123828125 0.225982421875 0.977642578125 0.2695859375 0.998046875 0.36020703125 0.9385625
0 0.35603515625 0.93426171875 0.2623828125 0.99775390625 0.2737578125 0.998046875 0.3166015625 0.998046875 0.38523046875 0.948806640625
0 0.803689453125 0.834611328125 0.79866796875 0.93908984375 0.812939453125 0.94808203125 0.863681640625 0.86398046875
5 0.754642578125 0.80923828125 0.749935546875 0.91246484375 0.8095546875 0.94190234375 0.812298828125 0.83396484375
5 0.374552734375 0.944697265625 0.434640625 0.975048828125 0.396013671875 0.998046875 0.302732421875 0.997095703125