0 0.356455078125 0.433626953125 0.266056640625 0.49437109375 0.292146484375 0.5127578125 0.38622265625 0.450611328125
0 0.27340625 0.385486328125 0.226 0.479662109375 0.324853515625 0.416412109375
0 0.35278125 0.324853515625 0.27928515625 0.370857421875 0.271201171875 0.388509765625 0.29839453125 0.402115234375 0.37813671875 0.3403359375
3 0.373728515625 0.33734765625 0.291412109375 0.399908203125 0.33844921875 0.427857421875 0.42554296875 0.367548828125
4 0.31933984375 0.41635546875 0.227837890625 0.47897265625 0.27340625 0.499197265625 0.3630703125 0.43741796875
0 0.45946484375 0.84822265625 0.45306640625 0.957083984375 0.4688515625 0.95751171875 0.565693359375 0.90926953125
5 0.410404296875 0.819529296875 0.406138671875 0.93104296875 0.461599609375 0.959646484375 0.46714453125 0.849501953125
0 0.802591796875 0.331900390625 0.7998671875 0.432771484375 0.81185546875 0.4425859375 0.864162109375 0.360798828125
5 0.7535546875 0.309546875 0.751919921875 0.4164140625 0.8085859375 0.442041015625 0.812400390625 0.33680859375
0 0.8960234375 0.043306640625 0.81347265625 0.100015625 0.894685546875 0.125916015625
5 0.852740234375 0.020533203125 0.7585859375 0.07813671875 0.823734375 0.1058203125 0.904056640625 0.049111328125
5 0.376966796875 0.44546875 0.28451171875 0.510572265625 0.340615234375 0.540220703125 0.437693359375 0.474615234375