0 0.55416015625 0.629341796875 0.629341796875 0.69158984375 0.665244140625 0.652705078125 0.589216796875 0.5893046875
0 0.6627109375 0.64666015625 0.622583984375 0.688611328125 0.7019921875 0.754970703125 0.73578125 0.714818359375
5 0.55500390625 0.62638671875 0.5182578125 0.667478515625 0.5976640625 0.731724609375 0.634412109375 0.686921875
5 0.625962890625 0.681849609375 0.592595703125 0.72707421875 0.668623046875 0.7917421875 0.704947265625 0.751166015625
5 0.654263671875 0.64750390625 0.733669921875 0.720734375 0.769994140625 0.6750859375 0.693544921875 0.611263671875
5 0.624697265625 0.551203125 0.5845703125 0.5913984375 0.66017578125 0.653107421875 0.697767578125 0.61253125
0 0.89857421875 0.93365234375 0.822478515625 0.869548828125 0.80412890625 0.89169140625 0.879685546875 0.960279296875
0 0.879685546875 0.805748046875 0.955779296875 0.873330078125 0.9762890625 0.8468671875 0.896955078125 0.786380859375
0 0.755556640625 0.996462890625 0.730732421875 0.977021484375 0.74962109375 0.953798828125 0.805208984375 0.998046875
3 0.796033203125 0.9973359375 0.747462890625 0.9570390625 0.77714453125 0.92085546875 0.854859375 0.98512109375
3 0.849462890625 0.990521484375 0.7733671875 0.9235546875 0.80412890625 0.885751953125 0.883462890625 0.9532578125
3 0.901271484375 0.941376953125 0.815462890625 0.87062890625 0.84784375 0.8295859375 0.935271484375 0.903033203125
3 0.932033203125 0.90990625 0.845685546875 0.835525390625 0.877525390625 0.798802734375 0.961177734375 0.871169921875
3 0.976828125 0.853779296875 0.8893984375 0.78155859375 0.922859375 0.745373046875 0.998046875 0.812880859375
3 0.9973359375 0.818701171875 0.91962109375 0.750265625 0.9503828125 0.71462109375 0.9973359375 0.75674609375
0 0.995716796875 0.76311328125 0.948763671875 0.7205625 0.969271484375 0.69733984375 0.997875 0.7205625
5 0.751326171875 0.042505859375 0.836431640625 0.1094375 0.874310546875 0.070814453125 0.789923828125 0.00028515625
0 0.785369140625 0.00191796875 0.871193359375 0.074892578125 0.908591796875 0.03291015625 0.871912109375 0